# This file was produced by bcftools stats (1.11+htslib-1.13) and can be plotted using plot-vcfstats.
# The command line was:	bcftools stats  ../variant_calls/filtered/joint_variants_filtered.vcf.gz
#
# Definition of sets:
# ID	[2]id	[3]tab-separated file names
ID	0	../variant_calls/filtered/joint_variants_filtered.vcf.gz
# SN, Summary numbers:
#   number of records   .. number of data rows in the VCF
#   number of no-ALTs   .. reference-only sites, ALT is either "." or identical to REF
#   number of SNPs      .. number of rows with a SNP
#   number of MNPs      .. number of rows with a MNP, such as CC>TT
#   number of indels    .. number of rows with an indel
#   number of others    .. number of rows with other type, for example a symbolic allele or
#                          a complex substitution, such as ACT>TCGA
#   number of multiallelic sites     .. number of rows with multiple alternate alleles
#   number of multiallelic SNP sites .. number of rows with multiple alternate alleles, all SNPs
# 
#   Note that rows containing multiple types will be counted multiple times, in each
#   counter. For example, a row with a SNP and an indel increments both the SNP and
#   the indel counter.
# 
# SN	[2]id	[3]key	[4]value
SN	0	number of samples:	10
SN	0	number of records:	1666
SN	0	number of no-ALTs:	0
SN	0	number of SNPs:	1474
SN	0	number of MNPs:	0
SN	0	number of indels:	192
SN	0	number of others:	0
SN	0	number of multiallelic sites:	1
SN	0	number of multiallelic SNP sites:	1
# TSTV, transitions/transversions:
# TSTV	[2]id	[3]ts	[4]tv	[5]ts/tv	[6]ts (1st ALT)	[7]tv (1st ALT)	[8]ts/tv (1st ALT)
TSTV	0	864	611	1.41	863	611	1.41
# SiS, Singleton stats:
# SiS	[2]id	[3]allele count	[4]number of SNPs	[5]number of transitions	[6]number of transversions	[7]number of indels	[8]repeat-consistent	[9]repeat-inconsistent	[10]not applicable
SiS	0	1	338	181	157	27	0	0	27
# AF, Stats by non-reference allele frequency:
# AF	[2]id	[3]allele frequency	[4]number of SNPs	[5]number of transitions	[6]number of transversions	[7]number of indels	[8]repeat-consistent	[9]repeat-inconsistent	[10]not applicable
AF	0	0.000000	338	181	157	27	0	0	27
AF	0	0.190000	179	99	80	16	0	0	16
AF	0	0.220000	1	0	1	1	0	0	1
AF	0	0.240000	2	0	2	0	0	0	0
AF	0	0.280000	1	0	1	0	0	0	0
AF	0	0.290000	29	14	15	3	0	0	3
AF	0	0.330000	1	1	0	0	0	0	0
AF	0	0.390000	9	4	5	4	0	0	4
AF	0	0.440000	4	2	2	0	0	0	0
AF	0	0.490000	27	17	10	6	0	0	6
AF	0	0.550000	5	2	3	0	0	0	0
AF	0	0.560000	2	1	1	0	0	0	0
AF	0	0.590000	17	10	7	1	0	0	1
AF	0	0.660000	10	6	4	0	0	0	0
AF	0	0.690000	48	29	19	1	0	0	1
AF	0	0.740000	1	0	1	0	0	0	0
AF	0	0.770000	1	1	0	1	0	0	1
AF	0	0.790000	4	1	3	4	0	0	4
AF	0	0.820000	1	1	0	0	0	0	0
AF	0	0.860000	1	0	1	0	0	0	0
AF	0	0.890000	15	10	5	10	0	0	10
AF	0	0.990000	779	485	294	118	0	0	118
# QUAL, Stats by quality:
# QUAL	[2]id	[3]Quality	[4]number of SNPs	[5]number of transitions (1st ALT)	[6]number of transversions (1st ALT)	[7]number of indels
QUAL	0	3	24	4	20	0
QUAL	0	4	17	6	11	0
QUAL	0	5	6	2	4	0
QUAL	0	6	1	1	0	0
QUAL	0	7	5	2	3	0
QUAL	0	8	2	1	1	0
QUAL	0	9	2	0	2	0
QUAL	0	11	1	0	1	1
QUAL	0	12	2	0	2	0
QUAL	0	13	7	4	3	0
QUAL	0	14	1	0	1	0
QUAL	0	15	1	1	0	0
QUAL	0	16	1	0	1	0
QUAL	0	17	2	0	2	0
QUAL	0	19	1	1	0	0
QUAL	0	20	3	3	0	0
QUAL	0	21	1	1	0	1
QUAL	0	22	2	2	0	0
QUAL	0	23	1	1	0	0
QUAL	0	24	2	0	2	0
QUAL	0	25	6	2	4	0
QUAL	0	26	2	0	2	0
QUAL	0	29	1	0	1	0
QUAL	0	30	2	2	0	0
QUAL	0	31	2	0	2	0
QUAL	0	34	2	0	2	0
QUAL	0	37	1	0	1	0
QUAL	0	38	1	0	1	0
QUAL	0	39	1	0	1	0
QUAL	0	40	1	0	1	0
QUAL	0	42	1	0	1	0
QUAL	0	44	4	3	1	0
QUAL	0	45	1	0	1	0
QUAL	0	48	1	1	0	0
QUAL	0	55	1	1	0	0
QUAL	0	59	1	0	1	0
QUAL	0	60	2	1	1	0
QUAL	0	62	1	1	0	0
QUAL	0	63	0	0	0	1
QUAL	0	68	2	0	2	0
QUAL	0	69	3	1	2	0
QUAL	0	71	1	0	1	0
QUAL	0	73	0	0	0	1
QUAL	0	74	1	1	0	0
QUAL	0	76	3	2	1	0
QUAL	0	79	0	0	0	1
QUAL	0	80	0	0	0	1
QUAL	0	81	1	0	1	0
QUAL	0	82	0	0	0	1
QUAL	0	87	1	0	1	0
QUAL	0	90	2	2	0	0
QUAL	0	92	3	1	2	0
QUAL	0	93	1	1	0	0
QUAL	0	94	1	0	1	1
QUAL	0	96	1	0	1	1
QUAL	0	98	0	0	0	1
QUAL	0	100	2	2	0	0
QUAL	0	101	1	1	0	1
QUAL	0	103	2	1	1	0
QUAL	0	108	0	0	0	1
QUAL	0	109	1	1	0	0
QUAL	0	112	0	0	0	1
QUAL	0	114	1	0	1	0
QUAL	0	115	1	1	0	0
QUAL	0	120	2	1	1	0
QUAL	0	122	1	0	1	0
QUAL	0	126	0	0	0	2
QUAL	0	131	1	0	1	0
QUAL	0	134	1	0	1	0
QUAL	0	136	0	0	0	1
QUAL	0	137	1	0	1	0
QUAL	0	138	1	1	0	0
QUAL	0	139	1	0	1	0
QUAL	0	140	1	1	0	0
QUAL	0	141	0	0	0	1
QUAL	0	146	3	1	2	0
QUAL	0	147	1	1	0	0
QUAL	0	155	1	1	0	0
QUAL	0	156	1	0	1	0
QUAL	0	158	1	1	0	0
QUAL	0	159	0	0	0	2
QUAL	0	161	1	1	0	1
QUAL	0	163	0	0	0	1
QUAL	0	165	1	0	1	0
QUAL	0	166	0	0	0	2
QUAL	0	167	0	0	0	1
QUAL	0	168	1	1	0	0
QUAL	0	170	1	0	1	1
QUAL	0	172	1	0	1	0
QUAL	0	173	1	1	0	0
QUAL	0	178	1	0	1	1
QUAL	0	180	2	1	1	0
QUAL	0	181	1	1	0	0
QUAL	0	186	1	1	0	0
QUAL	0	187	0	0	0	1
QUAL	0	188	1	1	0	0
QUAL	0	190	1	1	0	0
QUAL	0	194	1	1	0	0
QUAL	0	198	1	1	0	0
QUAL	0	199	0	0	0	1
QUAL	0	200	1	0	1	0
QUAL	0	201	0	0	0	1
QUAL	0	205	0	0	0	2
QUAL	0	206	1	1	0	0
QUAL	0	208	1	1	0	0
QUAL	0	215	1	1	0	1
QUAL	0	216	229	136	93	13
QUAL	0	217	1	1	0	0
QUAL	0	222	1	1	0	0
QUAL	0	230	0	0	0	1
QUAL	0	237	1	1	0	0
QUAL	0	240	0	0	0	1
QUAL	0	241	1	1	0	0
QUAL	0	257	1	1	0	0
QUAL	0	269	1	1	0	0
QUAL	0	275	1	0	1	1
QUAL	0	276	2	0	2	1
QUAL	0	277	1	1	0	0
QUAL	0	281	1	1	0	0
QUAL	0	286	1	1	0	0
QUAL	0	287	0	0	0	1
QUAL	0	288	1	1	0	0
QUAL	0	289	1	0	1	0
QUAL	0	290	1	0	1	1
QUAL	0	295	1	0	1	0
QUAL	0	297	1	1	0	0
QUAL	0	306	1	0	1	0
QUAL	0	308	1	1	0	0
QUAL	0	323	1	0	1	0
QUAL	0	327	1	1	0	0
QUAL	0	333	0	0	0	1
QUAL	0	340	1	1	0	0
QUAL	0	348	0	0	0	1
QUAL	0	353	0	0	0	1
QUAL	0	359	0	0	0	1
QUAL	0	361	1	0	1	0
QUAL	0	364	2	2	0	0
QUAL	0	368	1	0	1	0
QUAL	0	371	2	1	1	0
QUAL	0	387	1	0	1	0
QUAL	0	388	1	0	1	0
QUAL	0	390	1	0	1	0
QUAL	0	410	0	0	0	1
QUAL	0	427	1	0	1	0
QUAL	0	434	3	3	0	0
QUAL	0	442	1	1	0	0
QUAL	0	444	0	0	0	1
QUAL	0	446	2	2	0	0
QUAL	0	452	1	1	0	0
QUAL	0	459	1	1	0	0
QUAL	0	463	146	81	65	7
QUAL	0	466	0	0	0	1
QUAL	0	468	1	0	1	0
QUAL	0	473	0	0	0	1
QUAL	0	474	1	1	0	0
QUAL	0	485	2	1	1	0
QUAL	0	486	1	1	0	0
QUAL	0	488	0	0	0	1
QUAL	0	504	2	2	0	0
QUAL	0	532	0	0	0	2
QUAL	0	538	1	0	1	0
QUAL	0	545	0	0	0	2
QUAL	0	551	1	0	1	0
QUAL	0	556	0	0	0	1
QUAL	0	562	1	0	1	0
QUAL	0	571	0	0	0	1
QUAL	0	579	0	0	0	1
QUAL	0	580	0	0	0	1
QUAL	0	585	0	0	0	1
QUAL	0	596	0	0	0	1
QUAL	0	599	0	0	0	1
QUAL	0	603	1	1	0	0
QUAL	0	626	0	0	0	1
QUAL	0	631	0	0	0	2
QUAL	0	657	0	0	0	2
QUAL	0	658	1	0	1	0
QUAL	0	661	0	0	0	1
QUAL	0	663	0	0	0	1
QUAL	0	664	1	0	1	0
QUAL	0	666	0	0	0	1
QUAL	0	673	0	0	0	1
QUAL	0	675	0	0	0	1
QUAL	0	692	0	0	0	1
QUAL	0	695	2	1	1	0
QUAL	0	706	1	1	0	0
QUAL	0	712	1	1	0	0
QUAL	0	713	14	9	5	1
QUAL	0	727	1	1	0	0
QUAL	0	731	1	1	0	0
QUAL	0	740	2	1	1	0
QUAL	0	743	1	1	0	0
QUAL	0	747	1	0	1	0
QUAL	0	756	0	0	0	1
QUAL	0	759	1	1	0	0
QUAL	0	764	1	1	0	0
QUAL	0	778	0	0	0	1
QUAL	0	809	1	1	0	0
QUAL	0	856	0	0	0	1
QUAL	0	865	0	0	0	1
QUAL	0	869	1	1	0	0
QUAL	0	885	0	0	0	1
QUAL	0	890	1	1	0	0
QUAL	0	901	0	0	0	1
QUAL	0	904	0	0	0	1
QUAL	0	915	0	0	0	1
QUAL	0	936	1	1	0	0
QUAL	0	948	1	0	1	0
QUAL	0	961	1	0	1	0
QUAL	0	966	2	0	2	1
QUAL	0	974	0	0	0	1
QUAL	0	991	0	0	0	1
QUAL	0	998	836	519	317	91
# IDD, InDel distribution:
# IDD	[2]id	[3]length (deletions negative)	[4]number of sites	[5]number of genotypes	[6]mean VAF
IDD	0	-51	1	0	.
IDD	0	-30	1	0	.
IDD	0	-27	1	0	.
IDD	0	-26	1	0	.
IDD	0	-24	1	0	.
IDD	0	-20	2	0	.
IDD	0	-18	1	0	.
IDD	0	-15	2	0	.
IDD	0	-14	1	0	.
IDD	0	-13	2	0	.
IDD	0	-12	2	0	.
IDD	0	-10	1	0	.
IDD	0	-9	8	0	.
IDD	0	-6	1	0	.
IDD	0	-3	12	0	.
IDD	0	-2	6	0	.
IDD	0	-1	44	0	.
IDD	0	1	29	0	.
IDD	0	2	3	0	.
IDD	0	3	9	0	.
IDD	0	4	1	0	.
IDD	0	5	2	0	.
IDD	0	6	1	0	.
IDD	0	9	36	0	.
IDD	0	10	3	0	.
IDD	0	15	3	0	.
IDD	0	18	14	0	.
IDD	0	21	3	0	.
IDD	0	37	1	0	.
# ST, Substitution types:
# ST	[2]id	[3]type	[4]count
ST	0	A>C	65
ST	0	A>G	200
ST	0	A>T	16
ST	0	C>A	116
ST	0	C>G	108
ST	0	C>T	239
ST	0	G>A	249
ST	0	G>C	114
ST	0	G>T	99
ST	0	T>A	19
ST	0	T>C	176
ST	0	T>G	74
# DP, Depth distribution
# DP	[2]id	[3]bin	[4]number of genotypes	[5]fraction of genotypes (%)	[6]number of sites	[7]fraction of sites (%)
DP	0	1	0	0.000000	12	0.720288
DP	0	2	0	0.000000	5	0.300120
DP	0	3	0	0.000000	4	0.240096
DP	0	4	0	0.000000	6	0.360144
DP	0	5	0	0.000000	5	0.300120
DP	0	6	0	0.000000	7	0.420168
DP	0	7	0	0.000000	9	0.540216
DP	0	8	0	0.000000	6	0.360144
DP	0	9	0	0.000000	5	0.300120
DP	0	10	0	0.000000	4	0.240096
DP	0	11	0	0.000000	2	0.120048
DP	0	12	0	0.000000	2	0.120048
DP	0	13	0	0.000000	5	0.300120
DP	0	14	0	0.000000	5	0.300120
DP	0	15	0	0.000000	3	0.180072
DP	0	16	0	0.000000	4	0.240096
DP	0	17	0	0.000000	2	0.120048
DP	0	19	0	0.000000	2	0.120048
DP	0	20	0	0.000000	2	0.120048
DP	0	23	0	0.000000	3	0.180072
DP	0	24	0	0.000000	1	0.060024
DP	0	26	0	0.000000	1	0.060024
DP	0	27	0	0.000000	3	0.180072
DP	0	28	0	0.000000	3	0.180072
DP	0	32	0	0.000000	1	0.060024
DP	0	33	0	0.000000	3	0.180072
DP	0	34	0	0.000000	1	0.060024
DP	0	36	0	0.000000	1	0.060024
DP	0	39	0	0.000000	1	0.060024
DP	0	42	0	0.000000	1	0.060024
DP	0	43	0	0.000000	2	0.120048
DP	0	44	0	0.000000	1	0.060024
DP	0	45	0	0.000000	1	0.060024
DP	0	47	0	0.000000	2	0.120048
DP	0	48	0	0.000000	3	0.180072
DP	0	49	0	0.000000	7	0.420168
DP	0	51	0	0.000000	3	0.180072
DP	0	52	0	0.000000	1	0.060024
DP	0	53	0	0.000000	2	0.120048
DP	0	55	0	0.000000	1	0.060024
DP	0	56	0	0.000000	1	0.060024
DP	0	57	0	0.000000	1	0.060024
DP	0	58	0	0.000000	1	0.060024
DP	0	59	0	0.000000	1	0.060024
DP	0	60	0	0.000000	1	0.060024
DP	0	68	0	0.000000	3	0.180072
DP	0	69	0	0.000000	1	0.060024
DP	0	71	0	0.000000	1	0.060024
DP	0	72	0	0.000000	2	0.120048
DP	0	73	0	0.000000	2	0.120048
DP	0	74	0	0.000000	3	0.180072
DP	0	75	0	0.000000	1	0.060024
DP	0	76	0	0.000000	3	0.180072
DP	0	77	0	0.000000	1	0.060024
DP	0	78	0	0.000000	1	0.060024
DP	0	79	0	0.000000	2	0.120048
DP	0	84	0	0.000000	1	0.060024
DP	0	85	0	0.000000	1	0.060024
DP	0	86	0	0.000000	3	0.180072
DP	0	87	0	0.000000	1	0.060024
DP	0	88	0	0.000000	2	0.120048
DP	0	89	0	0.000000	1	0.060024
DP	0	91	0	0.000000	2	0.120048
DP	0	92	0	0.000000	1	0.060024
DP	0	96	0	0.000000	3	0.180072
DP	0	97	0	0.000000	7	0.420168
DP	0	98	0	0.000000	2	0.120048
DP	0	99	0	0.000000	3	0.180072
DP	0	100	0	0.000000	1	0.060024
DP	0	103	0	0.000000	2	0.120048
DP	0	106	0	0.000000	1	0.060024
DP	0	107	0	0.000000	1	0.060024
DP	0	108	0	0.000000	3	0.180072
DP	0	109	0	0.000000	2	0.120048
DP	0	110	0	0.000000	2	0.120048
DP	0	113	0	0.000000	2	0.120048
DP	0	114	0	0.000000	1	0.060024
DP	0	117	0	0.000000	3	0.180072
DP	0	118	0	0.000000	2	0.120048
DP	0	121	0	0.000000	3	0.180072
DP	0	123	0	0.000000	2	0.120048
DP	0	125	0	0.000000	1	0.060024
DP	0	129	0	0.000000	2	0.120048
DP	0	132	0	0.000000	1	0.060024
DP	0	134	0	0.000000	1	0.060024
DP	0	136	0	0.000000	1	0.060024
DP	0	138	0	0.000000	3	0.180072
DP	0	139	0	0.000000	2	0.120048
DP	0	141	0	0.000000	2	0.120048
DP	0	143	0	0.000000	2	0.120048
DP	0	145	0	0.000000	1	0.060024
DP	0	146	0	0.000000	1	0.060024
DP	0	147	0	0.000000	1	0.060024
DP	0	151	0	0.000000	1	0.060024
DP	0	152	0	0.000000	2	0.120048
DP	0	153	0	0.000000	1	0.060024
DP	0	155	0	0.000000	2	0.120048
DP	0	156	0	0.000000	1	0.060024
DP	0	157	0	0.000000	1	0.060024
DP	0	158	0	0.000000	1	0.060024
DP	0	160	0	0.000000	2	0.120048
DP	0	162	0	0.000000	4	0.240096
DP	0	165	0	0.000000	1	0.060024
DP	0	166	0	0.000000	3	0.180072
DP	0	167	0	0.000000	1	0.060024
DP	0	173	0	0.000000	1	0.060024
DP	0	174	0	0.000000	1	0.060024
DP	0	177	0	0.000000	2	0.120048
DP	0	178	0	0.000000	1	0.060024
DP	0	179	0	0.000000	1	0.060024
DP	0	180	0	0.000000	1	0.060024
DP	0	183	0	0.000000	1	0.060024
DP	0	184	0	0.000000	1	0.060024
DP	0	186	0	0.000000	1	0.060024
DP	0	189	0	0.000000	1	0.060024
DP	0	191	0	0.000000	1	0.060024
DP	0	203	0	0.000000	1	0.060024
DP	0	204	0	0.000000	1	0.060024
DP	0	206	0	0.000000	1	0.060024
DP	0	209	0	0.000000	2	0.120048
DP	0	211	0	0.000000	1	0.060024
DP	0	214	0	0.000000	1	0.060024
DP	0	215	0	0.000000	1	0.060024
DP	0	217	0	0.000000	1	0.060024
DP	0	220	0	0.000000	2	0.120048
DP	0	225	0	0.000000	4	0.240096
DP	0	226	0	0.000000	1	0.060024
DP	0	227	0	0.000000	1	0.060024
DP	0	228	0	0.000000	1	0.060024
DP	0	230	0	0.000000	1	0.060024
DP	0	231	0	0.000000	2	0.120048
DP	0	234	0	0.000000	1	0.060024
DP	0	235	0	0.000000	1	0.060024
DP	0	237	0	0.000000	1	0.060024
DP	0	240	0	0.000000	1	0.060024
DP	0	246	0	0.000000	1	0.060024
DP	0	248	0	0.000000	1	0.060024
DP	0	250	0	0.000000	1	0.060024
DP	0	252	0	0.000000	1	0.060024
DP	0	253	0	0.000000	1	0.060024
DP	0	254	0	0.000000	3	0.180072
DP	0	255	0	0.000000	4	0.240096
DP	0	257	0	0.000000	1	0.060024
DP	0	259	0	0.000000	3	0.180072
DP	0	260	0	0.000000	4	0.240096
DP	0	261	0	0.000000	1	0.060024
DP	0	263	0	0.000000	1	0.060024
DP	0	266	0	0.000000	1	0.060024
DP	0	267	0	0.000000	5	0.300120
DP	0	270	0	0.000000	1	0.060024
DP	0	271	0	0.000000	1	0.060024
DP	0	274	0	0.000000	1	0.060024
DP	0	275	0	0.000000	1	0.060024
DP	0	277	0	0.000000	1	0.060024
DP	0	278	0	0.000000	1	0.060024
DP	0	280	0	0.000000	1	0.060024
DP	0	281	0	0.000000	2	0.120048
DP	0	282	0	0.000000	1	0.060024
DP	0	285	0	0.000000	2	0.120048
DP	0	286	0	0.000000	3	0.180072
DP	0	287	0	0.000000	2	0.120048
DP	0	288	0	0.000000	1	0.060024
DP	0	289	0	0.000000	1	0.060024
DP	0	290	0	0.000000	2	0.120048
DP	0	291	0	0.000000	1	0.060024
DP	0	293	0	0.000000	2	0.120048
DP	0	294	0	0.000000	2	0.120048
DP	0	296	0	0.000000	3	0.180072
DP	0	301	0	0.000000	1	0.060024
DP	0	302	0	0.000000	2	0.120048
DP	0	303	0	0.000000	3	0.180072
DP	0	305	0	0.000000	1	0.060024
DP	0	306	0	0.000000	1	0.060024
DP	0	307	0	0.000000	3	0.180072
DP	0	308	0	0.000000	3	0.180072
DP	0	309	0	0.000000	2	0.120048
DP	0	311	0	0.000000	2	0.120048
DP	0	313	0	0.000000	1	0.060024
DP	0	314	0	0.000000	1	0.060024
DP	0	317	0	0.000000	2	0.120048
DP	0	319	0	0.000000	1	0.060024
DP	0	320	0	0.000000	2	0.120048
DP	0	323	0	0.000000	2	0.120048
DP	0	324	0	0.000000	1	0.060024
DP	0	326	0	0.000000	2	0.120048
DP	0	327	0	0.000000	2	0.120048
DP	0	331	0	0.000000	1	0.060024
DP	0	332	0	0.000000	1	0.060024
DP	0	333	0	0.000000	4	0.240096
DP	0	334	0	0.000000	1	0.060024
DP	0	335	0	0.000000	1	0.060024
DP	0	336	0	0.000000	1	0.060024
DP	0	338	0	0.000000	3	0.180072
DP	0	339	0	0.000000	4	0.240096
DP	0	341	0	0.000000	2	0.120048
DP	0	343	0	0.000000	3	0.180072
DP	0	345	0	0.000000	3	0.180072
DP	0	346	0	0.000000	2	0.120048
DP	0	347	0	0.000000	3	0.180072
DP	0	351	0	0.000000	2	0.120048
DP	0	352	0	0.000000	2	0.120048
DP	0	353	0	0.000000	3	0.180072
DP	0	355	0	0.000000	3	0.180072
DP	0	356	0	0.000000	3	0.180072
DP	0	357	0	0.000000	3	0.180072
DP	0	358	0	0.000000	5	0.300120
DP	0	359	0	0.000000	3	0.180072
DP	0	361	0	0.000000	2	0.120048
DP	0	362	0	0.000000	3	0.180072
DP	0	363	0	0.000000	4	0.240096
DP	0	364	0	0.000000	3	0.180072
DP	0	365	0	0.000000	2	0.120048
DP	0	366	0	0.000000	2	0.120048
DP	0	367	0	0.000000	2	0.120048
DP	0	368	0	0.000000	1	0.060024
DP	0	369	0	0.000000	1	0.060024
DP	0	371	0	0.000000	1	0.060024
DP	0	373	0	0.000000	3	0.180072
DP	0	374	0	0.000000	1	0.060024
DP	0	375	0	0.000000	1	0.060024
DP	0	377	0	0.000000	2	0.120048
DP	0	378	0	0.000000	2	0.120048
DP	0	379	0	0.000000	2	0.120048
DP	0	380	0	0.000000	3	0.180072
DP	0	381	0	0.000000	1	0.060024
DP	0	382	0	0.000000	2	0.120048
DP	0	383	0	0.000000	3	0.180072
DP	0	386	0	0.000000	2	0.120048
DP	0	387	0	0.000000	1	0.060024
DP	0	388	0	0.000000	1	0.060024
DP	0	389	0	0.000000	2	0.120048
DP	0	390	0	0.000000	2	0.120048
DP	0	392	0	0.000000	1	0.060024
DP	0	393	0	0.000000	2	0.120048
DP	0	394	0	0.000000	1	0.060024
DP	0	395	0	0.000000	4	0.240096
DP	0	396	0	0.000000	2	0.120048
DP	0	398	0	0.000000	3	0.180072
DP	0	400	0	0.000000	4	0.240096
DP	0	402	0	0.000000	1	0.060024
DP	0	403	0	0.000000	4	0.240096
DP	0	404	0	0.000000	2	0.120048
DP	0	405	0	0.000000	3	0.180072
DP	0	407	0	0.000000	2	0.120048
DP	0	408	0	0.000000	4	0.240096
DP	0	409	0	0.000000	1	0.060024
DP	0	410	0	0.000000	2	0.120048
DP	0	411	0	0.000000	2	0.120048
DP	0	412	0	0.000000	1	0.060024
DP	0	413	0	0.000000	1	0.060024
DP	0	414	0	0.000000	1	0.060024
DP	0	415	0	0.000000	1	0.060024
DP	0	416	0	0.000000	3	0.180072
DP	0	417	0	0.000000	2	0.120048
DP	0	418	0	0.000000	2	0.120048
DP	0	419	0	0.000000	2	0.120048
DP	0	420	0	0.000000	2	0.120048
DP	0	421	0	0.000000	4	0.240096
DP	0	422	0	0.000000	3	0.180072
DP	0	423	0	0.000000	1	0.060024
DP	0	424	0	0.000000	3	0.180072
DP	0	425	0	0.000000	1	0.060024
DP	0	426	0	0.000000	3	0.180072
DP	0	428	0	0.000000	1	0.060024
DP	0	429	0	0.000000	1	0.060024
DP	0	430	0	0.000000	2	0.120048
DP	0	431	0	0.000000	4	0.240096
DP	0	432	0	0.000000	5	0.300120
DP	0	433	0	0.000000	3	0.180072
DP	0	434	0	0.000000	4	0.240096
DP	0	435	0	0.000000	3	0.180072
DP	0	436	0	0.000000	1	0.060024
DP	0	437	0	0.000000	2	0.120048
DP	0	438	0	0.000000	3	0.180072
DP	0	439	0	0.000000	4	0.240096
DP	0	440	0	0.000000	6	0.360144
DP	0	441	0	0.000000	3	0.180072
DP	0	442	0	0.000000	1	0.060024
DP	0	443	0	0.000000	7	0.420168
DP	0	444	0	0.000000	4	0.240096
DP	0	445	0	0.000000	4	0.240096
DP	0	446	0	0.000000	2	0.120048
DP	0	447	0	0.000000	2	0.120048
DP	0	448	0	0.000000	2	0.120048
DP	0	449	0	0.000000	2	0.120048
DP	0	450	0	0.000000	4	0.240096
DP	0	451	0	0.000000	3	0.180072
DP	0	452	0	0.000000	1	0.060024
DP	0	453	0	0.000000	2	0.120048
DP	0	454	0	0.000000	3	0.180072
DP	0	455	0	0.000000	1	0.060024
DP	0	456	0	0.000000	3	0.180072
DP	0	457	0	0.000000	4	0.240096
DP	0	458	0	0.000000	4	0.240096
DP	0	459	0	0.000000	5	0.300120
DP	0	460	0	0.000000	2	0.120048
DP	0	461	0	0.000000	2	0.120048
DP	0	462	0	0.000000	4	0.240096
DP	0	463	0	0.000000	4	0.240096
DP	0	464	0	0.000000	5	0.300120
DP	0	465	0	0.000000	2	0.120048
DP	0	466	0	0.000000	4	0.240096
DP	0	467	0	0.000000	7	0.420168
DP	0	468	0	0.000000	6	0.360144
DP	0	469	0	0.000000	4	0.240096
DP	0	470	0	0.000000	4	0.240096
DP	0	471	0	0.000000	8	0.480192
DP	0	472	0	0.000000	8	0.480192
DP	0	473	0	0.000000	2	0.120048
DP	0	474	0	0.000000	2	0.120048
DP	0	475	0	0.000000	1	0.060024
DP	0	476	0	0.000000	2	0.120048
DP	0	477	0	0.000000	5	0.300120
DP	0	478	0	0.000000	4	0.240096
DP	0	479	0	0.000000	8	0.480192
DP	0	480	0	0.000000	2	0.120048
DP	0	481	0	0.000000	4	0.240096
DP	0	482	0	0.000000	6	0.360144
DP	0	483	0	0.000000	3	0.180072
DP	0	484	0	0.000000	5	0.300120
DP	0	485	0	0.000000	5	0.300120
DP	0	486	0	0.000000	9	0.540216
DP	0	487	0	0.000000	8	0.480192
DP	0	488	0	0.000000	4	0.240096
DP	0	489	0	0.000000	4	0.240096
DP	0	490	0	0.000000	6	0.360144
DP	0	491	0	0.000000	3	0.180072
DP	0	492	0	0.000000	2	0.120048
DP	0	493	0	0.000000	4	0.240096
DP	0	494	0	0.000000	5	0.300120
DP	0	495	0	0.000000	1	0.060024
DP	0	496	0	0.000000	1	0.060024
DP	0	497	0	0.000000	3	0.180072
DP	0	498	0	0.000000	4	0.240096
DP	0	499	0	0.000000	4	0.240096
DP	0	500	0	0.000000	8	0.480192
DP	0	>500	0	0.000000	852	51.140456
