
# Summary table 

Name , Value
Genome , Mycobacterium_tuberculosis_h37rv 
Date , 2026-03-18 12:56
SnpEff_version , SnpEff 5.4c (build 2026-02-23 07:25), by Pablo Cingolani
Command_line_arguments , SnpEff  Mycobacterium_tuberculosis_h37rv -stats ../annotation/indels/stats/ERR8774512_indels_snpEff_summary.html -csvStats ../annotation/indels/stats/ERR8774512_indels_snpEff_genes.txt - 
Warnings , 294 
Number_of_lines_in_input_file, 85
Number_of_variants_before_filter, 85
Number_of_not_variants , 0
Number_of_variants_processed , 85
Number_of_known_variants (i.e. non-empty ID) , 0, 0% 
Number_of_effects , 879 
Genome_total_length ,4411532 
Genome_effective_length ,4411532 
Change_rate , 51900 

# Change rate by chromosome

Chromosome , Length , Changes , Change_rate 
Chromosome , 4411532 , 85 , 51900

# Variantss by type

Type , Count , Percent 
DEL , 37 , 43.529412% 
INS , 48 , 56.470588% 

# Effects by impact

Type , Count , Percent 
HIGH , 40 , 4.550626% 
LOW , 1 , 0.113766% 
MODERATE , 27 , 3.071672% 
MODIFIER , 811 , 92.263936% 

# Effects by functional class

Type , Count , Percent 

Missense_Silent_ratio, 0

# Count by effects

Type , Count , Percent 
conservative_inframe_deletion , 1 , 0.113636% 
conservative_inframe_insertion , 12 , 1.363636% 
disruptive_inframe_deletion , 5 , 0.568182% 
disruptive_inframe_insertion , 9 , 1.022727% 
downstream_gene_variant , 376 , 42.727273% 
frameshift_variant , 40 , 4.545455% 
intergenic_region , 22 , 2.5% 
non_coding_transcript_exon_variant , 2 , 0.227273% 
splice_region_variant , 1 , 0.113636% 
upstream_gene_variant , 412 , 46.818182% 

# Count by genomic region

Type , Count , Percent 
DOWNSTREAM , 376 , 42.775882% 
EXON , 68 , 7.736064% 
INTERGENIC , 22 , 2.502844% 
SPLICE_SITE_REGION , 1 , 0.113766% 
UPSTREAM , 412 , 46.871445% 

# Quality 

Values , 32,36,40,52,57,58,67,73,77,81,82,104,114,121,129,132,133,137,139,143,151,152,153,156,157,161,162,163,176,177,180,182,183,185,189,196,198,207,214,221,223,225,228
Count , 1,1,1,1,1,1,1,1,1,1,2,1,1,1,2,1,1,1,1,1,1,1,1,1,1,1,1,1,1,1,2,1,1,1,1,1,1,1,1,1,1,3,38

# InDel lengths

Values , 0,1,2,4,8,9,17,36
Count , 20,40,7,1,11,2,3,1

# Base changes

base  , A  , C  , G  , T 
 A  , 0  , 0  , 0  , 0 
 C  , 0  , 0  , 0  , 0 
 G  , 0  , 0  , 0  , 0 
 T  , 0  , 0  , 0  , 0 

# Ts/Tv summary

Transitions , 0
Transversions , 0
Ts_Tv_ratio , 0

# Ts/Tv : All variants

No results available (empty input?)

# Ts/Tv : Known variants

No results available (empty input?)

# Allele frequency

# Allele frequency : All variants

Values , 50
Count , 85

# Allele Count

Values , 1
Count , 85

# Hom/Het table

Sample_names , ../mapping/bam_dedup/ERR8774512_dedup.bam
Reference , 0
Het , 85
Hom , 0
Missing , 0


# Codon change table
	
codons  , -  , AAA  , AAC  , AAG  , AAT  , ACA  , ACC  , ACT  , AGA  , AGC  , ATC  , ATG  , CAA  , CAC  , CAT  , CCA  , CCC  , CCG  , CCT  , CGC  , CGG  , CGT  , CTC  , CTG  , GAA  , GAC  , GAG  , GAT  , GCA  , GCC  , GCG  , GCT  , GGA  , GGC  , GGG  , GGT  , GTA  , GTC  , GTG  , TAC  , TCA  , TCG  , TGC  , TGG  , TTA  , TTC  , TTT 
 -   , 0  , 0  , 5  , 2  , 1  , 1  , 1  , 0  , 0  , 3  , 0  , 0  , 4  , 0  , 0  , 0  , 3  , 1  , 0  , 1  , 1  , 0  , 0  , 0  , 2  , 11  , 1  , 0  , 0  , 4  , 0  , 1  , 0  , 18  , 1  , 2  , 0  , 0  , 0  , 1  , 0  , 0  , 1  , 0  , 0  , 0  , 0 
 AAA   , 1  , 0  , 0  , 0  , 0  , 0  , 0  , 0  , 0  , 0  , 0  , 0  , 0  , 0  , 0  , 0  , 0  , 0  , 0  , 0  , 0  , 0  , 0  , 0  , 0  , 0  , 0  , 0  , 0  , 0  , 0  , 0  , 0  , 0  , 0  , 0  , 0  , 0  , 0  , 0  , 0  , 0  , 0  , 0  , 0  , 0  , 0 
 AAC   , 6  , 0  , 0  , 0  , 0  , 0  , 0  , 0  , 0  , 0  , 0  , 0  , 1  , 0  , 0  , 0  , 0  , 0  , 0  , 0  , 0  , 0  , 0  , 0  , 0  , 0  , 0  , 0  , 0  , 0  , 0  , 0  , 0  , 0  , 0  , 0  , 0  , 0  , 0  , 0  , 0  , 0  , 0  , 0  , 0  , 0  , 0 
 AAG   , 0  , 0  , 1  , 0  , 0  , 0  , 0  , 0  , 0  , 0  , 0  , 0  , 0  , 0  , 0  , 0  , 0  , 0  , 0  , 0  , 0  , 0  , 0  , 0  , 0  , 0  , 0  , 0  , 0  , 0  , 0  , 0  , 0  , 0  , 0  , 0  , 0  , 0  , 0  , 0  , 0  , 0  , 0  , 0  , 0  , 0  , 0 
 AAT   , 0  , 0  , 0  , 0  , 0  , 0  , 0  , 0  , 0  , 0  , 1  , 0  , 0  , 0  , 0  , 0  , 0  , 0  , 0  , 0  , 0  , 0  , 0  , 0  , 0  , 0  , 0  , 0  , 0  , 0  , 0  , 0  , 0  , 0  , 0  , 0  , 0  , 0  , 0  , 0  , 0  , 0  , 0  , 0  , 0  , 0  , 0 
 ACA   , 0  , 0  , 0  , 0  , 0  , 0  , 0  , 0  , 0  , 0  , 0  , 0  , 0  , 0  , 0  , 0  , 0  , 0  , 0  , 0  , 0  , 0  , 0  , 0  , 0  , 0  , 0  , 0  , 0  , 0  , 0  , 0  , 0  , 0  , 0  , 0  , 0  , 0  , 0  , 0  , 0  , 0  , 0  , 0  , 0  , 0  , 0 
 ACC   , 3  , 0  , 0  , 0  , 0  , 0  , 0  , 0  , 0  , 0  , 0  , 0  , 0  , 0  , 0  , 0  , 0  , 0  , 0  , 0  , 0  , 0  , 0  , 0  , 0  , 0  , 0  , 0  , 0  , 0  , 0  , 0  , 0  , 0  , 0  , 0  , 0  , 0  , 0  , 0  , 0  , 0  , 0  , 0  , 0  , 0  , 0 
 ACT   , 0  , 0  , 0  , 0  , 0  , 0  , 0  , 0  , 0  , 0  , 0  , 0  , 0  , 0  , 0  , 0  , 0  , 0  , 0  , 0  , 0  , 0  , 0  , 0  , 0  , 0  , 0  , 0  , 1  , 0  , 0  , 0  , 0  , 0  , 0  , 0  , 0  , 0  , 0  , 0  , 0  , 0  , 0  , 0  , 0  , 0  , 0 
 AGA   , 0  , 0  , 0  , 0  , 0  , 0  , 0  , 0  , 0  , 0  , 0  , 0  , 0  , 0  , 0  , 0  , 0  , 0  , 0  , 0  , 0  , 0  , 0  , 0  , 0  , 0  , 0  , 0  , 0  , 0  , 0  , 0  , 0  , 0  , 0  , 0  , 0  , 0  , 0  , 0  , 0  , 0  , 0  , 0  , 0  , 0  , 0 
 AGC   , 3  , 0  , 1  , 0  , 0  , 0  , 0  , 0  , 1  , 0  , 0  , 0  , 0  , 0  , 0  , 0  , 0  , 0  , 0  , 0  , 0  , 0  , 0  , 0  , 0  , 0  , 0  , 0  , 0  , 0  , 0  , 0  , 0  , 0  , 0  , 0  , 0  , 0  , 0  , 0  , 0  , 0  , 0  , 0  , 0  , 0  , 0 
 ATC   , 1  , 0  , 0  , 0  , 0  , 0  , 0  , 0  , 0  , 0  , 0  , 0  , 0  , 0  , 0  , 0  , 0  , 0  , 0  , 0  , 0  , 0  , 0  , 0  , 0  , 0  , 0  , 0  , 0  , 0  , 0  , 0  , 0  , 0  , 0  , 0  , 0  , 0  , 0  , 0  , 0  , 0  , 0  , 0  , 0  , 0  , 0 
 ATG   , 2  , 0  , 0  , 0  , 0  , 0  , 0  , 0  , 0  , 0  , 0  , 0  , 0  , 0  , 0  , 0  , 0  , 0  , 0  , 0  , 0  , 0  , 0  , 0  , 0  , 0  , 0  , 0  , 0  , 0  , 0  , 0  , 0  , 0  , 0  , 0  , 0  , 0  , 0  , 0  , 0  , 0  , 0  , 0  , 0  , 0  , 0 
 CAA   , 0  , 0  , 0  , 0  , 0  , 0  , 0  , 0  , 0  , 0  , 0  , 0  , 0  , 0  , 0  , 0  , 0  , 0  , 0  , 0  , 0  , 0  , 0  , 0  , 0  , 0  , 0  , 0  , 0  , 0  , 0  , 0  , 0  , 0  , 0  , 0  , 0  , 0  , 0  , 0  , 1  , 0  , 0  , 0  , 0  , 0  , 0 
 CAC   , 0  , 0  , 0  , 0  , 0  , 0  , 0  , 0  , 0  , 0  , 0  , 0  , 0  , 0  , 0  , 0  , 0  , 0  , 0  , 1  , 0  , 0  , 0  , 0  , 0  , 0  , 0  , 0  , 0  , 0  , 0  , 0  , 0  , 0  , 0  , 0  , 0  , 0  , 0  , 0  , 0  , 0  , 0  , 0  , 0  , 0  , 0 
 CAT   , 2  , 0  , 0  , 0  , 0  , 0  , 0  , 0  , 0  , 0  , 0  , 0  , 0  , 0  , 0  , 0  , 0  , 0  , 0  , 0  , 0  , 0  , 0  , 0  , 0  , 0  , 0  , 0  , 0  , 0  , 0  , 0  , 0  , 0  , 0  , 0  , 0  , 0  , 0  , 0  , 0  , 0  , 0  , 0  , 0  , 0  , 0 
 CCA   , 0  , 0  , 0  , 0  , 0  , 0  , 0  , 0  , 0  , 0  , 0  , 0  , 0  , 0  , 0  , 0  , 0  , 1  , 0  , 0  , 0  , 0  , 0  , 0  , 0  , 0  , 0  , 0  , 0  , 0  , 0  , 0  , 0  , 0  , 0  , 0  , 0  , 0  , 0  , 0  , 0  , 0  , 0  , 0  , 0  , 0  , 0 
 CCC   , 1  , 0  , 0  , 0  , 0  , 0  , 0  , 0  , 0  , 0  , 0  , 0  , 0  , 0  , 0  , 0  , 0  , 0  , 0  , 0  , 0  , 0  , 0  , 0  , 0  , 0  , 0  , 0  , 0  , 0  , 0  , 0  , 0  , 0  , 0  , 0  , 0  , 0  , 0  , 0  , 0  , 0  , 0  , 0  , 0  , 0  , 0 
 CCG   , 1  , 0  , 0  , 0  , 0  , 0  , 0  , 0  , 0  , 0  , 0  , 0  , 0  , 0  , 0  , 0  , 2  , 0  , 0  , 1  , 0  , 0  , 0  , 0  , 0  , 0  , 0  , 0  , 0  , 0  , 0  , 0  , 0  , 0  , 0  , 0  , 0  , 0  , 0  , 0  , 0  , 0  , 0  , 0  , 0  , 0  , 0 
 CCT   , 0  , 0  , 0  , 0  , 0  , 0  , 0  , 0  , 0  , 0  , 0  , 0  , 0  , 0  , 0  , 0  , 0  , 0  , 0  , 0  , 0  , 1  , 0  , 0  , 0  , 0  , 0  , 0  , 0  , 0  , 0  , 0  , 0  , 0  , 0  , 0  , 0  , 0  , 0  , 0  , 0  , 0  , 0  , 0  , 0  , 0  , 0 
 CGC   , 1  , 0  , 0  , 0  , 0  , 0  , 0  , 0  , 0  , 0  , 0  , 0  , 0  , 0  , 0  , 0  , 0  , 0  , 0  , 0  , 0  , 0  , 1  , 0  , 0  , 0  , 0  , 0  , 0  , 0  , 0  , 0  , 0  , 0  , 0  , 0  , 0  , 0  , 0  , 0  , 0  , 0  , 0  , 0  , 0  , 0  , 0 
 CGG   , 0  , 0  , 0  , 0  , 0  , 0  , 0  , 0  , 0  , 0  , 0  , 0  , 0  , 0  , 0  , 0  , 0  , 0  , 0  , 1  , 0  , 0  , 0  , 0  , 0  , 0  , 0  , 0  , 0  , 0  , 0  , 0  , 0  , 0  , 0  , 0  , 0  , 0  , 0  , 0  , 0  , 0  , 0  , 0  , 0  , 0  , 0 
 CGT   , 0  , 0  , 0  , 0  , 0  , 0  , 0  , 0  , 0  , 0  , 0  , 0  , 0  , 0  , 0  , 0  , 0  , 0  , 0  , 0  , 0  , 0  , 0  , 0  , 0  , 0  , 0  , 0  , 0  , 0  , 0  , 0  , 0  , 0  , 0  , 0  , 0  , 0  , 0  , 0  , 0  , 0  , 0  , 0  , 0  , 0  , 0 
 CTC   , 1  , 0  , 0  , 0  , 0  , 0  , 0  , 0  , 0  , 0  , 0  , 0  , 0  , 0  , 0  , 0  , 0  , 0  , 0  , 0  , 0  , 0  , 0  , 0  , 0  , 0  , 0  , 0  , 0  , 0  , 0  , 0  , 0  , 0  , 0  , 0  , 0  , 0  , 0  , 0  , 0  , 0  , 0  , 0  , 0  , 0  , 0 
 CTG   , 3  , 0  , 0  , 0  , 0  , 0  , 0  , 0  , 0  , 0  , 0  , 0  , 0  , 0  , 0  , 0  , 0  , 0  , 0  , 0  , 0  , 0  , 0  , 0  , 0  , 0  , 0  , 0  , 0  , 0  , 0  , 0  , 0  , 0  , 0  , 0  , 0  , 0  , 0  , 0  , 0  , 0  , 0  , 0  , 0  , 0  , 0 
 GAA   , 1  , 0  , 0  , 0  , 0  , 0  , 0  , 0  , 0  , 0  , 0  , 0  , 0  , 0  , 0  , 0  , 0  , 0  , 0  , 0  , 0  , 0  , 0  , 0  , 1  , 0  , 0  , 0  , 0  , 0  , 0  , 0  , 1  , 1  , 0  , 0  , 0  , 0  , 0  , 0  , 0  , 0  , 0  , 0  , 0  , 0  , 0 
 GAC   , 0  , 0  , 0  , 0  , 0  , 0  , 0  , 0  , 0  , 0  , 0  , 0  , 0  , 0  , 0  , 0  , 0  , 0  , 0  , 0  , 0  , 0  , 0  , 0  , 0  , 1  , 0  , 1  , 0  , 0  , 0  , 0  , 1  , 1  , 0  , 0  , 0  , 1  , 0  , 0  , 0  , 0  , 0  , 0  , 0  , 0  , 0 
 GAG   , 2  , 0  , 0  , 0  , 0  , 0  , 0  , 0  , 0  , 0  , 0  , 0  , 0  , 0  , 0  , 0  , 0  , 0  , 0  , 0  , 0  , 0  , 0  , 0  , 0  , 0  , 1  , 0  , 0  , 0  , 0  , 0  , 0  , 0  , 0  , 0  , 0  , 0  , 0  , 0  , 0  , 1  , 0  , 0  , 0  , 0  , 0 
 GAT   , 0  , 0  , 0  , 0  , 0  , 0  , 0  , 0  , 0  , 0  , 0  , 0  , 0  , 0  , 0  , 0  , 0  , 0  , 0  , 0  , 0  , 0  , 0  , 0  , 0  , 0  , 0  , 0  , 0  , 0  , 0  , 0  , 0  , 0  , 0  , 0  , 0  , 0  , 0  , 0  , 0  , 0  , 0  , 0  , 0  , 0  , 0 
 GCA   , 0  , 0  , 0  , 0  , 0  , 0  , 0  , 0  , 0  , 0  , 0  , 0  , 0  , 0  , 0  , 0  , 0  , 0  , 0  , 0  , 0  , 0  , 0  , 0  , 0  , 0  , 0  , 0  , 0  , 0  , 0  , 0  , 0  , 0  , 0  , 0  , 0  , 0  , 0  , 0  , 0  , 0  , 0  , 0  , 0  , 0  , 0 
 GCC   , 5  , 0  , 0  , 0  , 0  , 0  , 0  , 0  , 0  , 0  , 0  , 0  , 0  , 0  , 0  , 0  , 0  , 0  , 0  , 0  , 0  , 0  , 0  , 0  , 0  , 0  , 0  , 0  , 1  , 1  , 0  , 0  , 0  , 1  , 0  , 0  , 0  , 0  , 0  , 0  , 0  , 0  , 0  , 0  , 0  , 0  , 0 
 GCG   , 5  , 0  , 0  , 0  , 0  , 0  , 0  , 0  , 0  , 0  , 0  , 0  , 0  , 0  , 0  , 0  , 0  , 0  , 0  , 0  , 0  , 0  , 0  , 0  , 0  , 0  , 0  , 0  , 0  , 0  , 0  , 0  , 0  , 0  , 0  , 0  , 0  , 0  , 0  , 0  , 0  , 0  , 0  , 0  , 0  , 0  , 0 
 GCT   , 3  , 0  , 0  , 0  , 0  , 0  , 0  , 0  , 0  , 0  , 0  , 0  , 0  , 0  , 0  , 0  , 0  , 0  , 0  , 0  , 0  , 0  , 0  , 0  , 0  , 0  , 0  , 0  , 0  , 0  , 0  , 1  , 0  , 0  , 0  , 0  , 0  , 1  , 0  , 0  , 0  , 0  , 0  , 0  , 0  , 0  , 0 
 GGA   , 3  , 0  , 0  , 0  , 0  , 0  , 0  , 0  , 0  , 0  , 0  , 0  , 0  , 0  , 0  , 0  , 0  , 0  , 0  , 0  , 0  , 0  , 0  , 0  , 0  , 0  , 0  , 0  , 0  , 0  , 0  , 0  , 0  , 0  , 1  , 0  , 0  , 0  , 0  , 0  , 0  , 0  , 0  , 0  , 0  , 0  , 0 
 GGC   , 13  , 0  , 0  , 0  , 0  , 0  , 0  , 0  , 0  , 0  , 0  , 0  , 0  , 0  , 0  , 0  , 0  , 0  , 0  , 0  , 0  , 0  , 0  , 0  , 0  , 0  , 0  , 0  , 0  , 1  , 0  , 0  , 0  , 1  , 2  , 1  , 0  , 0  , 0  , 0  , 0  , 0  , 0  , 0  , 0  , 0  , 0 
 GGG   , 3  , 0  , 0  , 0  , 0  , 0  , 0  , 0  , 0  , 0  , 0  , 0  , 0  , 0  , 0  , 0  , 0  , 0  , 0  , 0  , 0  , 0  , 0  , 0  , 0  , 0  , 0  , 0  , 0  , 0  , 0  , 0  , 1  , 0  , 0  , 0  , 0  , 0  , 0  , 0  , 0  , 0  , 0  , 0  , 0  , 0  , 0 
 GGT   , 1  , 0  , 0  , 0  , 0  , 0  , 0  , 0  , 0  , 0  , 0  , 0  , 0  , 0  , 0  , 0  , 0  , 0  , 0  , 0  , 0  , 0  , 0  , 0  , 0  , 1  , 0  , 0  , 0  , 0  , 0  , 0  , 0  , 0  , 1  , 0  , 0  , 0  , 0  , 0  , 0  , 0  , 0  , 0  , 0  , 0  , 0 
 GTA   , 0  , 0  , 0  , 0  , 0  , 0  , 0  , 0  , 0  , 0  , 0  , 0  , 0  , 0  , 0  , 0  , 0  , 0  , 0  , 0  , 0  , 0  , 0  , 0  , 0  , 0  , 0  , 0  , 0  , 0  , 0  , 0  , 0  , 0  , 0  , 0  , 0  , 0  , 0  , 0  , 0  , 0  , 0  , 0  , 0  , 0  , 0 
 GTC   , 1  , 0  , 0  , 0  , 0  , 0  , 0  , 0  , 0  , 0  , 0  , 0  , 0  , 0  , 0  , 0  , 0  , 0  , 0  , 0  , 0  , 0  , 0  , 0  , 0  , 0  , 0  , 0  , 0  , 0  , 0  , 0  , 0  , 0  , 0  , 0  , 1  , 0  , 0  , 0  , 0  , 0  , 0  , 0  , 0  , 0  , 0 
 GTG   , 0  , 0  , 0  , 0  , 0  , 0  , 0  , 0  , 0  , 0  , 0  , 0  , 0  , 0  , 0  , 0  , 0  , 0  , 0  , 0  , 0  , 0  , 0  , 0  , 0  , 0  , 0  , 0  , 0  , 0  , 0  , 0  , 0  , 0  , 0  , 1  , 0  , 0  , 0  , 0  , 0  , 0  , 0  , 0  , 0  , 0  , 0 
 TAC   , 0  , 0  , 0  , 0  , 0  , 0  , 0  , 0  , 0  , 0  , 0  , 0  , 0  , 0  , 0  , 0  , 0  , 0  , 0  , 0  , 0  , 0  , 0  , 0  , 0  , 0  , 0  , 0  , 0  , 0  , 0  , 0  , 0  , 0  , 0  , 0  , 0  , 0  , 0  , 0  , 0  , 0  , 0  , 0  , 0  , 0  , 0 
 TCA   , 0  , 0  , 0  , 0  , 0  , 0  , 0  , 0  , 0  , 0  , 0  , 0  , 0  , 0  , 0  , 0  , 0  , 0  , 0  , 0  , 0  , 0  , 0  , 0  , 0  , 0  , 0  , 0  , 0  , 0  , 0  , 0  , 0  , 0  , 0  , 0  , 0  , 0  , 0  , 0  , 0  , 0  , 0  , 0  , 0  , 0  , 0 
 TCG   , 1  , 0  , 0  , 0  , 0  , 0  , 0  , 0  , 0  , 0  , 0  , 0  , 0  , 0  , 0  , 0  , 0  , 0  , 0  , 0  , 0  , 0  , 0  , 0  , 0  , 0  , 0  , 0  , 0  , 0  , 0  , 0  , 0  , 0  , 0  , 0  , 0  , 0  , 0  , 0  , 0  , 0  , 0  , 0  , 0  , 1  , 0 
 TGC   , 0  , 0  , 0  , 0  , 0  , 0  , 0  , 0  , 0  , 0  , 0  , 0  , 0  , 0  , 0  , 0  , 0  , 0  , 0  , 0  , 0  , 0  , 0  , 0  , 0  , 0  , 0  , 0  , 0  , 0  , 0  , 0  , 0  , 0  , 0  , 0  , 0  , 0  , 0  , 0  , 0  , 0  , 0  , 0  , 0  , 0  , 0 
 TGG   , 1  , 0  , 0  , 0  , 0  , 0  , 0  , 0  , 0  , 0  , 0  , 0  , 0  , 0  , 0  , 0  , 0  , 0  , 0  , 0  , 0  , 0  , 0  , 0  , 0  , 0  , 0  , 0  , 0  , 0  , 0  , 0  , 0  , 0  , 0  , 0  , 0  , 0  , 0  , 0  , 0  , 0  , 0  , 0  , 0  , 0  , 0 
 TTA   , 1  , 0  , 0  , 0  , 0  , 0  , 0  , 0  , 0  , 0  , 0  , 0  , 0  , 0  , 0  , 0  , 0  , 0  , 0  , 0  , 0  , 0  , 0  , 0  , 0  , 0  , 0  , 0  , 0  , 0  , 0  , 0  , 0  , 0  , 0  , 0  , 0  , 0  , 0  , 0  , 0  , 0  , 0  , 0  , 0  , 0  , 0 
 TTC   , 0  , 0  , 0  , 0  , 0  , 0  , 0  , 0  , 0  , 0  , 0  , 0  , 0  , 0  , 0  , 0  , 0  , 0  , 0  , 0  , 0  , 0  , 0  , 0  , 0  , 0  , 0  , 0  , 0  , 0  , 0  , 0  , 0  , 0  , 0  , 0  , 0  , 0  , 0  , 0  , 0  , 0  , 0  , 0  , 0  , 0  , 0 
 TTT   , 2  , 0  , 0  , 0  , 0  , 0  , 0  , 0  , 0  , 0  , 0  , 0  , 0  , 0  , 0  , 0  , 0  , 0  , 0  , 0  , 0  , 0  , 0  , 0  , 0  , 0  , 0  , 0  , 0  , 0  , 0  , 0  , 0  , 0  , 0  , 0  , 0  , 0  , 0  , 0  , 0  , 0  , 0  , 0  , 0  , 0  , 0 

# Amino acid change table

aa  , -  , ?  , A  , C  , D  , E  , F  , G  , H  , I  , K  , L  , M  , N  , P  , Q  , R  , S  , T  , V  , W  , Y 
 - , 0 , 16 , 5 , 1 , 11 , 3 , 0 , 21 , 0 , 0 , 2 , 0 , 0 , 6 , 4 , 4 , 2 , 3 , 2 , 0 , 0 , 1 
 ? , 0 , 0 , 0 , 0 , 0 , 0 , 0 , 0 , 0 , 0 , 0 , 0 , 0 , 0 , 0 , 0 , 0 , 0 , 0 , 0 , 0 , 0 
 A , 13 , 0 , 3 , 0 , 0 , 0 , 0 , 1 , 0 , 0 , 0 , 0 , 0 , 0 , 0 , 0 , 0 , 0 , 0 , 1 , 0 , 0 
 C , 0 , 0 , 0 , 0 , 0 , 0 , 0 , 0 , 0 , 0 , 0 , 0 , 0 , 0 , 0 , 0 , 0 , 0 , 0 , 0 , 0 , 0 
 D , 0 , 0 , 0 , 0 , 2 , 0 , 0 , 2 , 0 , 0 , 0 , 0 , 0 , 0 , 0 , 0 , 0 , 0 , 0 , 1 , 0 , 0 
 E , 3 , 0 , 0 , 0 , 0 , 2 , 0 , 2 , 0 , 0 , 0 , 0 , 0 , 0 , 0 , 0 , 0 , 1 , 0 , 0 , 0 , 0 
 F , 2 , 0 , 0 , 0 , 0 , 0 , 0 , 0 , 0 , 0 , 0 , 0 , 0 , 0 , 0 , 0 , 0 , 0 , 0 , 0 , 0 , 0 
 G , 20 , 0 , 1 , 0 , 1 , 0 , 0 , 7 , 0 , 0 , 0 , 0 , 0 , 0 , 0 , 0 , 0 , 0 , 0 , 0 , 0 , 0 
 H , 2 , 0 , 0 , 0 , 0 , 0 , 0 , 0 , 0 , 0 , 0 , 0 , 0 , 0 , 0 , 0 , 1 , 0 , 0 , 0 , 0 , 0 
 I , 1 , 0 , 0 , 0 , 0 , 0 , 0 , 0 , 0 , 0 , 0 , 0 , 0 , 0 , 0 , 0 , 0 , 0 , 0 , 0 , 0 , 0 
 K , 1 , 0 , 0 , 0 , 0 , 0 , 0 , 0 , 0 , 0 , 0 , 0 , 0 , 1 , 0 , 0 , 0 , 0 , 0 , 0 , 0 , 0 
 L , 5 , 0 , 0 , 0 , 0 , 0 , 0 , 0 , 0 , 0 , 0 , 0 , 0 , 0 , 0 , 0 , 0 , 0 , 0 , 0 , 0 , 0 
 M , 2 , 0 , 0 , 0 , 0 , 0 , 0 , 0 , 0 , 0 , 0 , 0 , 0 , 0 , 0 , 0 , 0 , 0 , 0 , 0 , 0 , 0 
 N , 6 , 0 , 0 , 0 , 0 , 0 , 0 , 0 , 0 , 1 , 0 , 0 , 0 , 0 , 0 , 1 , 0 , 0 , 0 , 0 , 0 , 0 
 P , 2 , 0 , 0 , 0 , 0 , 0 , 0 , 0 , 0 , 0 , 0 , 0 , 0 , 0 , 3 , 0 , 2 , 0 , 0 , 0 , 0 , 0 
 Q , 0 , 0 , 0 , 0 , 0 , 0 , 0 , 0 , 0 , 0 , 0 , 0 , 0 , 0 , 0 , 0 , 0 , 1 , 0 , 0 , 0 , 0 
 R , 1 , 0 , 0 , 0 , 0 , 0 , 0 , 0 , 0 , 0 , 0 , 1 , 0 , 0 , 0 , 0 , 1 , 0 , 0 , 0 , 0 , 0 
 S , 4 , 0 , 0 , 0 , 0 , 0 , 1 , 0 , 0 , 0 , 0 , 0 , 0 , 1 , 0 , 0 , 1 , 0 , 0 , 0 , 0 , 0 
 T , 3 , 0 , 1 , 0 , 0 , 0 , 0 , 0 , 0 , 0 , 0 , 0 , 0 , 0 , 0 , 0 , 0 , 0 , 0 , 0 , 0 , 0 
 V , 1 , 0 , 0 , 0 , 0 , 0 , 0 , 1 , 0 , 0 , 0 , 0 , 0 , 0 , 0 , 0 , 0 , 0 , 0 , 1 , 0 , 0 
 W , 1 , 0 , 0 , 0 , 0 , 0 , 0 , 0 , 0 , 0 , 0 , 0 , 0 , 0 , 0 , 0 , 0 , 0 , 0 , 0 , 0 , 0 
 Y , 0 , 0 , 0 , 0 , 0 , 0 , 0 , 0 , 0 , 0 , 0 , 0 , 0 , 0 , 0 , 0 , 0 , 0 , 0 , 0 , 0 , 0 

# Chromosome change table

Chromosome, Position,0,100000,200000,300000,400000,500000,600000,700000,800000,900000,1000000,1100000,1200000,1300000,1400000,1500000,1600000,1700000,1800000,1900000,2000000,2100000,2200000,2300000,2400000,2500000,2600000,2700000,2800000,2900000,3000000,3100000,3200000,3300000,3400000,3500000,3600000,3700000,3800000,3900000,4000000,4100000,4200000,4300000,4400000
Chromosome,Count,5,2,1,4,1,2,0,1,2,5,1,2,1,2,0,2,0,1,6,1,1,3,3,1,0,6,1,0,2,0,0,2,0,1,2,3,0,5,4,4,1,1,0,4,2

