
# Summary table 

Name , Value
Genome , Mycobacterium_tuberculosis_h37rv 
Date , 2026-03-18 12:55
SnpEff_version , SnpEff 5.4c (build 2026-02-23 07:25), by Pablo Cingolani
Command_line_arguments , SnpEff  Mycobacterium_tuberculosis_h37rv -stats ../annotation/indels/stats/ERR8774458_indels_snpEff_summary.html -csvStats ../annotation/indels/stats/ERR8774458_indels_snpEff_genes.txt - 
Warnings , 281 
Number_of_lines_in_input_file, 79
Number_of_variants_before_filter, 79
Number_of_not_variants , 0
Number_of_variants_processed , 79
Number_of_known_variants (i.e. non-empty ID) , 0, 0% 
Number_of_effects , 819 
Genome_total_length ,4411532 
Genome_effective_length ,4411532 
Change_rate , 55842 

# Change rate by chromosome

Chromosome , Length , Changes , Change_rate 
Chromosome , 4411532 , 79 , 55842

# Variantss by type

Type , Count , Percent 
DEL , 46 , 58.227848% 
INS , 33 , 41.772152% 

# Effects by impact

Type , Count , Percent 
HIGH , 41 , 5.006105% 
LOW , 1 , 0.1221% 
MODERATE , 18 , 2.197802% 
MODIFIER , 759 , 92.673993% 

# Effects by functional class

Type , Count , Percent 

Missense_Silent_ratio, 0

# Count by effects

Type , Count , Percent 
conservative_inframe_deletion , 3 , 0.365854% 
conservative_inframe_insertion , 5 , 0.609756% 
disruptive_inframe_deletion , 6 , 0.731707% 
disruptive_inframe_insertion , 4 , 0.487805% 
downstream_gene_variant , 335 , 40.853659% 
frameshift_variant , 41 , 5% 
intergenic_region , 23 , 2.804878% 
non_coding_transcript_exon_variant , 2 , 0.243902% 
splice_region_variant , 1 , 0.121951% 
upstream_gene_variant , 400 , 48.780488% 

# Count by genomic region

Type , Count , Percent 
DOWNSTREAM , 335 , 40.903541% 
EXON , 60 , 7.326007% 
INTERGENIC , 23 , 2.808303% 
SPLICE_SITE_REGION , 1 , 0.1221% 
UPSTREAM , 400 , 48.840049% 

# Quality 

Values , 33,34,51,74,78,84,85,90,91,92,93,103,107,125,127,128,129,131,134,148,154,157,162,164,178,180,183,190,195,196,201,204,206,208,212,213,215,218,223,224,225,228
Count , 1,1,1,1,1,1,1,1,1,1,1,1,1,1,1,1,1,1,1,1,1,1,1,1,1,1,1,1,1,1,1,1,1,1,1,2,1,1,1,1,11,27

# InDel lengths

Values , 0,1,2,4,8,9,20
Count , 20,48,2,1,6,1,1

# Base changes

base  , A  , C  , G  , T 
 A  , 0  , 0  , 0  , 0 
 C  , 0  , 0  , 0  , 0 
 G  , 0  , 0  , 0  , 0 
 T  , 0  , 0  , 0  , 0 

# Ts/Tv summary

Transitions , 0
Transversions , 0
Ts_Tv_ratio , 0

# Ts/Tv : All variants

No results available (empty input?)

# Ts/Tv : Known variants

No results available (empty input?)

# Allele frequency

# Allele frequency : All variants

Values , 50
Count , 79

# Allele Count

Values , 1
Count , 79

# Hom/Het table

Sample_names , ../mapping/bam_dedup/ERR8774458_dedup.bam
Reference , 0
Het , 79
Hom , 0
Missing , 0


# Codon change table
	
codons  , -  , AAA  , AAC  , AAG  , AAT  , ACC  , ACT  , AGC  , ATC  , ATG  , CAA  , CAC  , CAT  , CCA  , CCC  , CCG  , CCT  , CGC  , CGG  , CGT  , CTC  , CTG  , GAA  , GAC  , GAG  , GCA  , GCC  , GCG  , GCT  , GGA  , GGC  , GGG  , GGT  , GTC  , GTG  , GTT  , TAT  , TCA  , TCG  , TGC  , TGG  , TTA  , TTC  , TTT 
 -   , 0  , 0  , 2  , 1  , 1  , 2  , 0  , 1  , 1  , 0  , 2  , 0  , 1  , 0  , 2  , 1  , 0  , 0  , 1  , 0  , 1  , 0  , 1  , 2  , 1  , 0  , 3  , 0  , 0  , 0  , 5  , 0  , 2  , 0  , 0  , 1  , 0  , 0  , 0  , 0  , 0  , 0  , 0  , 0 
 AAA   , 1  , 0  , 0  , 0  , 0  , 0  , 0  , 0  , 0  , 0  , 0  , 0  , 0  , 0  , 0  , 0  , 0  , 0  , 0  , 0  , 0  , 0  , 0  , 0  , 0  , 0  , 0  , 0  , 0  , 0  , 0  , 0  , 0  , 0  , 0  , 0  , 0  , 0  , 0  , 0  , 0  , 0  , 0  , 0 
 AAC   , 2  , 0  , 0  , 0  , 0  , 0  , 0  , 0  , 0  , 0  , 0  , 0  , 0  , 0  , 0  , 0  , 0  , 0  , 0  , 0  , 0  , 0  , 0  , 0  , 0  , 0  , 0  , 0  , 0  , 0  , 0  , 0  , 0  , 0  , 0  , 0  , 0  , 0  , 0  , 0  , 0  , 0  , 0  , 0 
 AAG   , 0  , 0  , 0  , 0  , 0  , 0  , 0  , 0  , 0  , 0  , 0  , 0  , 0  , 0  , 0  , 0  , 0  , 0  , 0  , 0  , 0  , 0  , 0  , 0  , 0  , 0  , 0  , 0  , 0  , 0  , 0  , 0  , 0  , 0  , 0  , 0  , 0  , 0  , 0  , 0  , 0  , 0  , 0  , 0 
 AAT   , 0  , 0  , 0  , 0  , 0  , 0  , 0  , 0  , 1  , 0  , 0  , 0  , 0  , 0  , 0  , 0  , 0  , 0  , 0  , 0  , 0  , 0  , 0  , 0  , 0  , 0  , 0  , 0  , 0  , 0  , 0  , 0  , 0  , 0  , 0  , 0  , 0  , 0  , 0  , 0  , 0  , 0  , 0  , 0 
 ACC   , 1  , 0  , 0  , 0  , 0  , 0  , 0  , 0  , 0  , 0  , 0  , 0  , 0  , 0  , 0  , 0  , 0  , 0  , 0  , 0  , 0  , 0  , 0  , 0  , 0  , 0  , 0  , 0  , 0  , 0  , 0  , 0  , 0  , 0  , 0  , 0  , 0  , 0  , 0  , 0  , 0  , 0  , 0  , 0 
 ACT   , 0  , 0  , 1  , 0  , 0  , 0  , 0  , 0  , 0  , 0  , 0  , 0  , 0  , 0  , 0  , 0  , 0  , 0  , 0  , 0  , 0  , 0  , 0  , 0  , 0  , 1  , 0  , 0  , 0  , 0  , 0  , 0  , 0  , 0  , 0  , 0  , 0  , 0  , 0  , 0  , 0  , 0  , 0  , 0 
 AGC   , 1  , 0  , 0  , 0  , 0  , 0  , 0  , 0  , 0  , 0  , 0  , 0  , 0  , 0  , 0  , 0  , 0  , 0  , 0  , 0  , 0  , 0  , 0  , 0  , 0  , 0  , 0  , 0  , 0  , 0  , 0  , 0  , 0  , 0  , 0  , 0  , 0  , 0  , 0  , 0  , 0  , 0  , 0  , 0 
 ATC   , 1  , 0  , 0  , 0  , 0  , 0  , 0  , 0  , 0  , 0  , 0  , 0  , 0  , 0  , 0  , 0  , 0  , 0  , 0  , 0  , 0  , 0  , 0  , 0  , 0  , 0  , 0  , 0  , 0  , 0  , 0  , 0  , 0  , 0  , 0  , 0  , 0  , 0  , 0  , 0  , 0  , 0  , 0  , 0 
 ATG   , 1  , 0  , 0  , 0  , 0  , 0  , 0  , 0  , 0  , 0  , 0  , 0  , 0  , 0  , 0  , 0  , 0  , 0  , 0  , 0  , 0  , 0  , 0  , 0  , 0  , 0  , 0  , 0  , 0  , 0  , 0  , 0  , 0  , 0  , 0  , 0  , 0  , 0  , 0  , 0  , 0  , 0  , 0  , 0 
 CAA   , 1  , 0  , 0  , 0  , 0  , 0  , 0  , 0  , 0  , 0  , 0  , 0  , 0  , 0  , 0  , 0  , 0  , 0  , 0  , 0  , 0  , 0  , 0  , 0  , 0  , 0  , 0  , 0  , 0  , 0  , 0  , 0  , 0  , 0  , 0  , 0  , 0  , 1  , 0  , 0  , 0  , 0  , 0  , 0 
 CAC   , 0  , 0  , 0  , 0  , 0  , 0  , 0  , 0  , 0  , 0  , 0  , 0  , 0  , 0  , 0  , 0  , 0  , 1  , 0  , 0  , 0  , 0  , 0  , 0  , 0  , 0  , 0  , 0  , 0  , 0  , 0  , 0  , 0  , 0  , 0  , 0  , 0  , 0  , 0  , 0  , 0  , 0  , 0  , 0 
 CAT   , 1  , 0  , 0  , 0  , 0  , 0  , 0  , 0  , 0  , 0  , 0  , 0  , 0  , 0  , 0  , 0  , 0  , 0  , 0  , 0  , 0  , 0  , 0  , 0  , 0  , 0  , 0  , 0  , 0  , 0  , 0  , 0  , 0  , 0  , 0  , 0  , 0  , 0  , 0  , 0  , 0  , 0  , 0  , 0 
 CCA   , 0  , 0  , 0  , 0  , 0  , 0  , 0  , 0  , 0  , 0  , 0  , 0  , 0  , 0  , 0  , 1  , 0  , 0  , 0  , 0  , 0  , 0  , 0  , 0  , 0  , 0  , 0  , 0  , 0  , 0  , 0  , 0  , 0  , 0  , 0  , 0  , 0  , 0  , 0  , 0  , 0  , 0  , 0  , 0 
 CCC   , 0  , 0  , 0  , 0  , 0  , 0  , 0  , 0  , 0  , 0  , 0  , 0  , 0  , 0  , 1  , 0  , 0  , 0  , 0  , 0  , 0  , 0  , 0  , 0  , 0  , 0  , 0  , 0  , 0  , 0  , 0  , 0  , 0  , 0  , 0  , 0  , 0  , 0  , 0  , 0  , 0  , 0  , 0  , 0 
 CCG   , 2  , 0  , 0  , 0  , 0  , 0  , 0  , 0  , 0  , 0  , 0  , 0  , 0  , 0  , 1  , 0  , 0  , 1  , 0  , 0  , 0  , 0  , 0  , 0  , 0  , 0  , 0  , 0  , 0  , 0  , 0  , 0  , 0  , 0  , 0  , 0  , 0  , 0  , 0  , 0  , 0  , 0  , 0  , 0 
 CCT   , 0  , 0  , 0  , 0  , 0  , 0  , 0  , 0  , 0  , 0  , 0  , 0  , 0  , 0  , 0  , 0  , 0  , 0  , 0  , 1  , 0  , 0  , 0  , 0  , 0  , 0  , 0  , 0  , 0  , 0  , 0  , 0  , 0  , 0  , 0  , 0  , 0  , 0  , 0  , 0  , 0  , 0  , 0  , 0 
 CGC   , 1  , 0  , 0  , 0  , 0  , 0  , 0  , 0  , 0  , 0  , 0  , 0  , 0  , 0  , 0  , 0  , 0  , 0  , 0  , 0  , 0  , 0  , 0  , 0  , 0  , 0  , 0  , 0  , 0  , 0  , 0  , 0  , 0  , 0  , 0  , 0  , 0  , 0  , 0  , 0  , 0  , 0  , 0  , 0 
 CGG   , 0  , 0  , 0  , 0  , 0  , 0  , 0  , 0  , 0  , 0  , 0  , 0  , 0  , 0  , 0  , 0  , 0  , 1  , 0  , 0  , 0  , 0  , 0  , 0  , 0  , 0  , 0  , 0  , 0  , 0  , 0  , 0  , 0  , 0  , 0  , 0  , 0  , 0  , 0  , 0  , 0  , 0  , 0  , 0 
 CGT   , 0  , 0  , 0  , 0  , 0  , 0  , 0  , 0  , 0  , 0  , 0  , 0  , 0  , 0  , 0  , 0  , 0  , 0  , 0  , 0  , 0  , 0  , 0  , 0  , 0  , 0  , 0  , 0  , 0  , 0  , 0  , 0  , 0  , 0  , 0  , 0  , 0  , 0  , 0  , 0  , 0  , 0  , 0  , 0 
 CTC   , 1  , 0  , 0  , 0  , 0  , 0  , 0  , 0  , 0  , 0  , 0  , 0  , 0  , 0  , 0  , 0  , 0  , 0  , 0  , 0  , 0  , 0  , 0  , 0  , 0  , 0  , 0  , 0  , 0  , 0  , 0  , 0  , 0  , 0  , 0  , 0  , 0  , 0  , 0  , 0  , 0  , 0  , 0  , 0 
 CTG   , 2  , 0  , 0  , 0  , 0  , 0  , 0  , 0  , 0  , 0  , 0  , 0  , 0  , 0  , 0  , 0  , 0  , 0  , 0  , 0  , 0  , 0  , 0  , 0  , 0  , 0  , 0  , 0  , 0  , 0  , 0  , 0  , 0  , 0  , 0  , 0  , 0  , 0  , 0  , 0  , 0  , 0  , 0  , 0 
 GAA   , 0  , 0  , 0  , 0  , 0  , 0  , 0  , 0  , 0  , 0  , 0  , 0  , 0  , 0  , 0  , 0  , 0  , 0  , 0  , 0  , 0  , 0  , 1  , 0  , 0  , 0  , 0  , 0  , 0  , 0  , 1  , 0  , 0  , 0  , 0  , 0  , 0  , 0  , 0  , 0  , 0  , 0  , 0  , 0 
 GAC   , 1  , 0  , 0  , 0  , 0  , 0  , 0  , 0  , 0  , 0  , 0  , 0  , 0  , 0  , 0  , 0  , 0  , 0  , 0  , 0  , 0  , 0  , 0  , 0  , 0  , 0  , 0  , 0  , 0  , 0  , 0  , 0  , 0  , 1  , 0  , 0  , 0  , 0  , 0  , 0  , 0  , 0  , 0  , 0 
 GAG   , 3  , 0  , 0  , 0  , 0  , 0  , 0  , 0  , 0  , 0  , 0  , 0  , 0  , 0  , 0  , 0  , 0  , 0  , 0  , 0  , 0  , 0  , 0  , 0  , 0  , 0  , 0  , 0  , 0  , 0  , 0  , 0  , 0  , 0  , 0  , 0  , 0  , 0  , 0  , 0  , 0  , 0  , 0  , 0 
 GCA   , 0  , 0  , 0  , 0  , 0  , 0  , 0  , 0  , 0  , 0  , 0  , 0  , 0  , 0  , 0  , 0  , 0  , 0  , 0  , 0  , 0  , 0  , 0  , 0  , 0  , 0  , 0  , 0  , 0  , 0  , 0  , 0  , 0  , 0  , 0  , 0  , 0  , 0  , 0  , 0  , 0  , 0  , 0  , 0 
 GCC   , 5  , 0  , 0  , 0  , 0  , 0  , 0  , 0  , 0  , 0  , 0  , 0  , 0  , 0  , 0  , 0  , 0  , 0  , 0  , 0  , 0  , 0  , 0  , 0  , 0  , 0  , 0  , 0  , 0  , 0  , 1  , 1  , 0  , 0  , 0  , 0  , 0  , 0  , 0  , 0  , 0  , 0  , 0  , 0 
 GCG   , 4  , 0  , 0  , 0  , 0  , 0  , 0  , 0  , 0  , 0  , 0  , 0  , 0  , 0  , 0  , 0  , 0  , 0  , 0  , 0  , 0  , 0  , 0  , 0  , 0  , 0  , 0  , 0  , 0  , 0  , 0  , 0  , 0  , 0  , 0  , 0  , 0  , 0  , 0  , 0  , 0  , 0  , 0  , 0 
 GCT   , 4  , 0  , 0  , 0  , 0  , 0  , 0  , 0  , 0  , 0  , 0  , 0  , 0  , 0  , 0  , 0  , 0  , 0  , 0  , 0  , 0  , 0  , 0  , 0  , 0  , 0  , 0  , 0  , 0  , 0  , 0  , 0  , 0  , 0  , 0  , 0  , 0  , 0  , 0  , 0  , 0  , 0  , 0  , 0 
 GGA   , 3  , 0  , 0  , 0  , 0  , 0  , 0  , 0  , 0  , 0  , 0  , 0  , 0  , 0  , 0  , 0  , 0  , 0  , 0  , 0  , 0  , 0  , 0  , 0  , 0  , 0  , 0  , 0  , 0  , 0  , 0  , 0  , 0  , 0  , 0  , 0  , 0  , 0  , 0  , 0  , 0  , 0  , 0  , 0 
 GGC   , 7  , 0  , 0  , 0  , 0  , 0  , 0  , 1  , 0  , 0  , 0  , 0  , 0  , 0  , 0  , 0  , 0  , 0  , 0  , 0  , 0  , 0  , 0  , 0  , 0  , 0  , 1  , 0  , 0  , 0  , 1  , 3  , 0  , 0  , 0  , 0  , 0  , 0  , 0  , 1  , 0  , 0  , 0  , 0 
 GGG   , 4  , 0  , 0  , 0  , 0  , 0  , 0  , 0  , 0  , 0  , 0  , 0  , 0  , 0  , 0  , 0  , 0  , 0  , 0  , 0  , 0  , 0  , 0  , 0  , 0  , 0  , 0  , 0  , 0  , 1  , 0  , 0  , 0  , 0  , 0  , 0  , 0  , 0  , 0  , 0  , 0  , 0  , 0  , 0 
 GGT   , 2  , 0  , 0  , 0  , 0  , 0  , 0  , 0  , 0  , 0  , 0  , 0  , 0  , 0  , 0  , 0  , 0  , 0  , 0  , 0  , 0  , 0  , 0  , 0  , 0  , 0  , 0  , 0  , 0  , 0  , 0  , 1  , 0  , 0  , 0  , 0  , 0  , 0  , 0  , 0  , 0  , 0  , 0  , 0 
 GTC   , 1  , 0  , 0  , 0  , 0  , 0  , 0  , 0  , 0  , 0  , 0  , 0  , 0  , 0  , 0  , 0  , 0  , 0  , 0  , 0  , 0  , 0  , 0  , 0  , 0  , 0  , 0  , 0  , 0  , 0  , 0  , 0  , 0  , 0  , 0  , 0  , 0  , 0  , 0  , 0  , 0  , 0  , 0  , 0 
 GTG   , 1  , 0  , 0  , 0  , 0  , 0  , 0  , 0  , 0  , 0  , 0  , 0  , 0  , 0  , 0  , 0  , 0  , 0  , 0  , 0  , 0  , 0  , 0  , 0  , 0  , 0  , 0  , 0  , 0  , 0  , 0  , 0  , 1  , 0  , 0  , 0  , 0  , 0  , 0  , 0  , 0  , 0  , 0  , 0 
 GTT   , 0  , 0  , 0  , 0  , 0  , 0  , 0  , 0  , 0  , 0  , 0  , 0  , 0  , 0  , 0  , 0  , 0  , 0  , 0  , 0  , 0  , 0  , 0  , 0  , 0  , 0  , 0  , 0  , 0  , 0  , 1  , 0  , 1  , 0  , 0  , 0  , 0  , 0  , 0  , 0  , 0  , 0  , 0  , 0 
 TAT   , 1  , 0  , 0  , 0  , 0  , 0  , 0  , 0  , 0  , 0  , 0  , 0  , 0  , 0  , 0  , 0  , 0  , 0  , 0  , 0  , 0  , 0  , 0  , 0  , 0  , 0  , 0  , 0  , 0  , 0  , 0  , 0  , 0  , 0  , 0  , 0  , 0  , 0  , 0  , 0  , 0  , 0  , 0  , 0 
 TCA   , 0  , 0  , 0  , 0  , 0  , 0  , 0  , 0  , 0  , 0  , 0  , 0  , 0  , 0  , 0  , 0  , 0  , 0  , 0  , 0  , 0  , 0  , 0  , 0  , 0  , 0  , 0  , 0  , 0  , 0  , 0  , 0  , 0  , 0  , 0  , 0  , 0  , 0  , 0  , 0  , 0  , 0  , 0  , 0 
 TCG   , 2  , 0  , 0  , 0  , 0  , 0  , 0  , 0  , 0  , 0  , 0  , 0  , 0  , 0  , 0  , 0  , 0  , 0  , 0  , 0  , 0  , 0  , 0  , 0  , 0  , 0  , 0  , 0  , 0  , 0  , 0  , 0  , 0  , 0  , 0  , 0  , 0  , 0  , 0  , 0  , 0  , 0  , 1  , 0 
 TGC   , 0  , 0  , 0  , 0  , 0  , 0  , 0  , 0  , 0  , 0  , 0  , 0  , 0  , 0  , 0  , 0  , 0  , 0  , 0  , 0  , 0  , 0  , 0  , 0  , 0  , 0  , 0  , 0  , 0  , 0  , 0  , 0  , 0  , 0  , 0  , 0  , 0  , 0  , 0  , 0  , 0  , 0  , 0  , 0 
 TGG   , 1  , 0  , 0  , 0  , 0  , 0  , 0  , 0  , 0  , 0  , 0  , 0  , 0  , 0  , 0  , 0  , 0  , 0  , 0  , 0  , 0  , 0  , 0  , 0  , 0  , 0  , 0  , 0  , 0  , 0  , 0  , 0  , 0  , 0  , 0  , 0  , 0  , 0  , 0  , 0  , 0  , 0  , 0  , 0 
 TTA   , 1  , 0  , 0  , 0  , 0  , 0  , 0  , 0  , 0  , 0  , 0  , 0  , 0  , 0  , 0  , 0  , 0  , 0  , 0  , 0  , 0  , 0  , 0  , 0  , 0  , 0  , 0  , 0  , 0  , 0  , 0  , 0  , 0  , 0  , 0  , 0  , 0  , 0  , 0  , 0  , 0  , 0  , 0  , 0 
 TTC   , 0  , 0  , 0  , 0  , 0  , 0  , 0  , 0  , 0  , 0  , 0  , 0  , 0  , 0  , 0  , 0  , 0  , 0  , 0  , 0  , 0  , 0  , 0  , 0  , 0  , 0  , 0  , 0  , 0  , 0  , 0  , 0  , 0  , 0  , 0  , 0  , 0  , 0  , 0  , 0  , 0  , 0  , 0  , 0 
 TTT   , 2  , 0  , 0  , 0  , 0  , 0  , 0  , 0  , 0  , 0  , 0  , 0  , 0  , 0  , 0  , 0  , 0  , 0  , 0  , 0  , 0  , 0  , 0  , 0  , 0  , 0  , 0  , 0  , 0  , 0  , 0  , 0  , 0  , 0  , 0  , 0  , 0  , 0  , 0  , 0  , 0  , 0  , 0  , 0 

# Amino acid change table

aa  , -  , ?  , A  , C  , D  , E  , F  , G  , H  , I  , K  , L  , M  , N  , P  , Q  , R  , S  , T  , V  , W  , Y 
 - , 0 , 14 , 3 , 0 , 2 , 2 , 0 , 7 , 1 , 1 , 1 , 1 , 0 , 3 , 3 , 2 , 1 , 1 , 2 , 1 , 0 , 0 
 ? , 0 , 0 , 0 , 0 , 0 , 0 , 0 , 0 , 0 , 0 , 0 , 0 , 0 , 0 , 0 , 0 , 0 , 0 , 0 , 0 , 0 , 0 
 A , 13 , 0 , 0 , 0 , 0 , 0 , 0 , 2 , 0 , 0 , 0 , 0 , 0 , 0 , 0 , 0 , 0 , 0 , 0 , 0 , 0 , 0 
 C , 0 , 0 , 0 , 0 , 0 , 0 , 0 , 0 , 0 , 0 , 0 , 0 , 0 , 0 , 0 , 0 , 0 , 0 , 0 , 0 , 0 , 0 
 D , 1 , 0 , 0 , 0 , 0 , 0 , 0 , 0 , 0 , 0 , 0 , 0 , 0 , 0 , 0 , 0 , 0 , 0 , 0 , 1 , 0 , 0 
 E , 3 , 0 , 0 , 0 , 0 , 1 , 0 , 1 , 0 , 0 , 0 , 0 , 0 , 0 , 0 , 0 , 0 , 0 , 0 , 0 , 0 , 0 
 F , 2 , 0 , 0 , 0 , 0 , 0 , 0 , 0 , 0 , 0 , 0 , 0 , 0 , 0 , 0 , 0 , 0 , 0 , 0 , 0 , 0 , 0 
 G , 16 , 0 , 1 , 1 , 0 , 0 , 0 , 6 , 0 , 0 , 0 , 0 , 0 , 0 , 0 , 0 , 0 , 1 , 0 , 0 , 0 , 0 
 H , 1 , 0 , 0 , 0 , 0 , 0 , 0 , 0 , 0 , 0 , 0 , 0 , 0 , 0 , 0 , 0 , 1 , 0 , 0 , 0 , 0 , 0 
 I , 1 , 0 , 0 , 0 , 0 , 0 , 0 , 0 , 0 , 0 , 0 , 0 , 0 , 0 , 0 , 0 , 0 , 0 , 0 , 0 , 0 , 0 
 K , 1 , 0 , 0 , 0 , 0 , 0 , 0 , 0 , 0 , 0 , 0 , 0 , 0 , 0 , 0 , 0 , 0 , 0 , 0 , 0 , 0 , 0 
 L , 4 , 0 , 0 , 0 , 0 , 0 , 0 , 0 , 0 , 0 , 0 , 0 , 0 , 0 , 0 , 0 , 0 , 0 , 0 , 0 , 0 , 0 
 M , 1 , 0 , 0 , 0 , 0 , 0 , 0 , 0 , 0 , 0 , 0 , 0 , 0 , 0 , 0 , 0 , 0 , 0 , 0 , 0 , 0 , 0 
 N , 2 , 0 , 0 , 0 , 0 , 0 , 0 , 0 , 0 , 1 , 0 , 0 , 0 , 0 , 0 , 0 , 0 , 0 , 0 , 0 , 0 , 0 
 P , 2 , 0 , 0 , 0 , 0 , 0 , 0 , 0 , 0 , 0 , 0 , 0 , 0 , 0 , 3 , 0 , 2 , 0 , 0 , 0 , 0 , 0 
 Q , 1 , 0 , 0 , 0 , 0 , 0 , 0 , 0 , 0 , 0 , 0 , 0 , 0 , 0 , 0 , 0 , 0 , 1 , 0 , 0 , 0 , 0 
 R , 1 , 0 , 0 , 0 , 0 , 0 , 0 , 0 , 0 , 0 , 0 , 0 , 0 , 0 , 0 , 0 , 1 , 0 , 0 , 0 , 0 , 0 
 S , 3 , 0 , 0 , 0 , 0 , 0 , 1 , 0 , 0 , 0 , 0 , 0 , 0 , 0 , 0 , 0 , 0 , 0 , 0 , 0 , 0 , 0 
 T , 1 , 0 , 1 , 0 , 0 , 0 , 0 , 0 , 0 , 0 , 0 , 0 , 0 , 1 , 0 , 0 , 0 , 0 , 0 , 0 , 0 , 0 
 V , 2 , 0 , 0 , 0 , 0 , 0 , 0 , 3 , 0 , 0 , 0 , 0 , 0 , 0 , 0 , 0 , 0 , 0 , 0 , 0 , 0 , 0 
 W , 1 , 0 , 0 , 0 , 0 , 0 , 0 , 0 , 0 , 0 , 0 , 0 , 0 , 0 , 0 , 0 , 0 , 0 , 0 , 0 , 0 , 0 
 Y , 1 , 0 , 0 , 0 , 0 , 0 , 0 , 0 , 0 , 0 , 0 , 0 , 0 , 0 , 0 , 0 , 0 , 0 , 0 , 0 , 0 , 0 

# Chromosome change table

Chromosome, Position,0,100000,200000,300000,400000,500000,600000,700000,800000,900000,1000000,1100000,1200000,1300000,1400000,1500000,1600000,1700000,1800000,1900000,2000000,2100000,2200000,2300000,2400000,2500000,2600000,2700000,2800000,2900000,3000000,3100000,3200000,3300000,3400000,3500000,3600000,3700000,3800000,3900000,4000000,4100000,4200000,4300000,4400000
Chromosome,Count,4,2,1,3,0,3,0,2,1,6,1,2,3,3,0,0,1,2,1,0,1,3,2,1,0,4,1,1,2,0,1,2,1,1,3,3,0,2,3,4,1,2,1,3,2

