
# Summary table 

Name , Value
Genome , Mycobacterium_tuberculosis_h37rv 
Date , 2026-03-18 12:54
SnpEff_version , SnpEff 5.4c (build 2026-02-23 07:25), by Pablo Cingolani
Command_line_arguments , SnpEff  Mycobacterium_tuberculosis_h37rv -stats ../annotation/snps/stats/ERR8774512_snps_snpEff_summary.html -csvStats ../annotation/snps/stats/ERR8774512_snps_snpEff_genes.txt - 
Warnings , 2705 
Number_of_lines_in_input_file, 795
Number_of_variants_before_filter, 795
Number_of_not_variants , 0
Number_of_variants_processed , 795
Number_of_known_variants (i.e. non-empty ID) , 0, 0% 
Number_of_effects , 7990 
Genome_total_length ,4411532 
Genome_effective_length ,4411532 
Change_rate , 5549 

# Change rate by chromosome

Chromosome , Length , Changes , Change_rate 
Chromosome , 4411532 , 795 , 5549

# Variantss by type

Type , Count , Percent 
SNP , 795 , 100% 

# Effects by impact

Type , Count , Percent 
HIGH , 9 , 0.112641% 
LOW , 291 , 3.642053% 
MODERATE , 399 , 4.993742% 
MODIFIER , 7291 , 91.251564% 

# Effects by functional class

Type , Count , Percent 
MISSENSE , 401 , 57.367668% 
NONSENSE , 7 , 1.001431% 
SILENT , 291 , 41.630901% 

Missense_Silent_ratio, 1.378007

# Count by effects

Type , Count , Percent 
downstream_gene_variant , 3651 , 45.6889% 
intergenic_region , 78 , 0.976098% 
missense_variant , 399 , 4.993117% 
non_coding_transcript_exon_variant , 20 , 0.250282% 
splice_region_variant , 1 , 0.012514% 
start_lost , 1 , 0.012514% 
stop_gained , 7 , 0.087599% 
stop_lost , 1 , 0.012514% 
synonymous_variant , 291 , 3.641597% 
upstream_gene_variant , 3542 , 44.324865% 

# Count by genomic region

Type , Count , Percent 
DOWNSTREAM , 3651 , 45.694618% 
EXON , 719 , 8.998748% 
INTERGENIC , 78 , 0.97622% 
UPSTREAM , 3542 , 44.330413% 

# Quality 

Values , 30,31,124,128,134,143,144,148,151,152,162,164,170,173,179,183,185,188,190,191,197,199,200,201,204,208,211,212,216,218,219,221,225,228
Count , 1,1,1,1,1,1,1,1,1,1,1,1,1,1,2,1,1,1,1,2,1,1,2,1,5,1,1,1,1,1,1,1,679,77

# InDel lengths


# Base changes

base  , A  , C  , G  , T 
 A  , 0  , 36  , 137  , 7 
 C  , 50  , 0  , 52  , 111 
 G  , 129  , 68  , 0  , 41 
 T  , 6  , 121  , 37  , 0 

# Ts/Tv summary

Transitions , 498
Transversions , 297
Ts_Tv_ratio , 1.676768

# Ts/Tv : All variants

Sample ,../mapping/bam_dedup/ERR8774512_dedup.bam,Total
Transitions ,498,498
Transversions ,297,297
Ts/Tv ,1.677,1.677


# Ts/Tv : Known variants

No results available (empty input?)

# Allele frequency

# Allele frequency : All variants

Values , 50
Count , 795

# Allele Count

Values , 1
Count , 795

# Hom/Het table

Sample_names , ../mapping/bam_dedup/ERR8774512_dedup.bam
Reference , 0
Het , 795
Hom , 0
Missing , 0


# Codon change table
	
codons  , AAA  , AAC  , AAG  , AAT  , ACA  , ACC  , ACG  , ACT  , AGA  , AGC  , AGG  , AGT  , ATA  , ATC  , ATG  , ATT  , CAA  , CAC  , CAG  , CAT  , CCA  , CCC  , CCG  , CCT  , CGA  , CGC  , CGG  , CGT  , CTA  , CTC  , CTG  , CTT  , GAA  , GAC  , GAG  , GAT  , GCA  , GCC  , GCG  , GCT  , GGA  , GGC  , GGG  , GGT  , GTA  , GTC  , GTG  , GTT  , TAA  , TAC  , TAG  , TAT  , TCA  , TCC  , TCG  , TCT  , TGA  , TGC  , TGG  , TGT  , TTA  , TTC  , TTG  , TTT 
 AAA   , 0  , 0  , 2  , 0  , 0  , 0  , 0  , 0  , 1  , 0  , 0  , 0  , 0  , 0  , 0  , 0  , 1  , 0  , 0  , 0  , 0  , 0  , 0  , 0  , 0  , 0  , 0  , 0  , 0  , 0  , 0  , 0  , 3  , 0  , 0  , 0  , 0  , 0  , 0  , 0  , 0  , 0  , 0  , 0  , 0  , 0  , 0  , 0  , 0  , 0  , 0  , 0  , 0  , 0  , 0  , 0  , 0  , 0  , 0  , 0  , 0  , 0  , 0  , 0 
 AAC   , 0  , 0  , 1  , 3  , 0  , 0  , 0  , 0  , 0  , 1  , 0  , 0  , 0  , 0  , 0  , 0  , 0  , 0  , 0  , 0  , 0  , 0  , 0  , 0  , 0  , 0  , 0  , 0  , 0  , 0  , 0  , 0  , 0  , 5  , 0  , 0  , 0  , 0  , 0  , 0  , 0  , 0  , 0  , 0  , 0  , 0  , 0  , 0  , 0  , 0  , 0  , 0  , 0  , 0  , 0  , 0  , 0  , 0  , 0  , 0  , 0  , 0  , 0  , 0 
 AAG   , 2  , 0  , 0  , 1  , 0  , 0  , 1  , 0  , 0  , 0  , 1  , 0  , 0  , 0  , 0  , 0  , 0  , 0  , 0  , 0  , 0  , 0  , 0  , 0  , 0  , 0  , 0  , 0  , 0  , 0  , 0  , 0  , 0  , 0  , 2  , 0  , 0  , 0  , 0  , 0  , 0  , 0  , 0  , 0  , 0  , 0  , 0  , 0  , 0  , 0  , 0  , 0  , 0  , 0  , 0  , 0  , 0  , 0  , 0  , 0  , 0  , 0  , 0  , 0 
 AAT   , 0  , 1  , 0  , 0  , 0  , 0  , 0  , 0  , 0  , 0  , 0  , 1  , 0  , 0  , 0  , 0  , 0  , 0  , 0  , 0  , 0  , 0  , 0  , 0  , 0  , 0  , 0  , 0  , 0  , 0  , 0  , 0  , 0  , 0  , 0  , 2  , 0  , 0  , 0  , 0  , 0  , 0  , 0  , 0  , 0  , 0  , 0  , 0  , 0  , 0  , 0  , 0  , 0  , 0  , 0  , 0  , 0  , 0  , 0  , 0  , 0  , 0  , 0  , 0 
 ACA   , 0  , 0  , 0  , 0  , 0  , 2  , 1  , 0  , 0  , 0  , 0  , 0  , 0  , 0  , 0  , 0  , 0  , 0  , 0  , 0  , 0  , 0  , 0  , 0  , 0  , 0  , 0  , 0  , 0  , 0  , 0  , 0  , 0  , 0  , 0  , 0  , 4  , 0  , 0  , 0  , 0  , 0  , 0  , 0  , 0  , 0  , 0  , 0  , 0  , 0  , 0  , 0  , 0  , 0  , 0  , 0  , 0  , 0  , 0  , 0  , 0  , 0  , 0  , 0 
 ACC   , 0  , 1  , 0  , 0  , 1  , 0  , 4  , 4  , 0  , 2  , 0  , 0  , 0  , 6  , 0  , 0  , 0  , 0  , 0  , 0  , 0  , 0  , 0  , 0  , 0  , 0  , 0  , 0  , 0  , 0  , 0  , 0  , 0  , 0  , 0  , 0  , 0  , 8  , 0  , 0  , 0  , 0  , 0  , 0  , 0  , 0  , 0  , 0  , 0  , 0  , 0  , 0  , 0  , 1  , 0  , 0  , 0  , 0  , 0  , 0  , 0  , 0  , 0  , 0 
 ACG   , 0  , 0  , 2  , 0  , 1  , 2  , 0  , 1  , 0  , 0  , 0  , 0  , 0  , 0  , 3  , 0  , 0  , 0  , 0  , 0  , 0  , 0  , 0  , 0  , 0  , 0  , 0  , 0  , 0  , 0  , 0  , 0  , 0  , 0  , 0  , 0  , 0  , 0  , 8  , 0  , 0  , 0  , 0  , 0  , 0  , 0  , 0  , 0  , 0  , 0  , 0  , 0  , 0  , 0  , 0  , 0  , 0  , 0  , 0  , 0  , 0  , 0  , 0  , 0 
 ACT   , 0  , 0  , 0  , 0  , 0  , 3  , 1  , 0  , 0  , 0  , 0  , 0  , 0  , 0  , 0  , 0  , 0  , 0  , 0  , 0  , 0  , 0  , 0  , 0  , 0  , 0  , 0  , 0  , 0  , 0  , 0  , 0  , 0  , 0  , 0  , 0  , 0  , 0  , 0  , 1  , 0  , 0  , 0  , 0  , 0  , 0  , 0  , 0  , 0  , 0  , 0  , 0  , 0  , 0  , 0  , 0  , 0  , 0  , 0  , 0  , 0  , 0  , 0  , 0 
 AGA   , 0  , 0  , 0  , 0  , 0  , 0  , 0  , 0  , 0  , 0  , 0  , 0  , 0  , 0  , 0  , 0  , 0  , 0  , 0  , 0  , 0  , 0  , 0  , 0  , 1  , 0  , 0  , 0  , 0  , 0  , 0  , 0  , 0  , 0  , 0  , 0  , 0  , 0  , 0  , 0  , 1  , 0  , 0  , 0  , 0  , 0  , 0  , 0  , 0  , 0  , 0  , 0  , 0  , 0  , 0  , 0  , 0  , 0  , 0  , 0  , 0  , 0  , 0  , 0 
 AGC   , 0  , 4  , 0  , 0  , 0  , 2  , 0  , 0  , 0  , 0  , 0  , 2  , 0  , 0  , 0  , 0  , 0  , 0  , 0  , 0  , 0  , 0  , 0  , 0  , 0  , 1  , 0  , 0  , 0  , 0  , 0  , 0  , 0  , 0  , 0  , 0  , 0  , 0  , 0  , 0  , 0  , 4  , 0  , 0  , 0  , 0  , 0  , 0  , 0  , 0  , 0  , 0  , 0  , 0  , 0  , 0  , 0  , 1  , 0  , 0  , 0  , 0  , 0  , 0 
 AGG   , 0  , 0  , 0  , 0  , 0  , 0  , 0  , 0  , 0  , 0  , 0  , 0  , 0  , 0  , 0  , 0  , 0  , 0  , 0  , 0  , 0  , 0  , 0  , 0  , 0  , 0  , 0  , 0  , 0  , 0  , 0  , 0  , 0  , 0  , 0  , 0  , 0  , 0  , 0  , 0  , 0  , 0  , 3  , 0  , 0  , 0  , 0  , 0  , 0  , 0  , 0  , 0  , 0  , 0  , 0  , 0  , 0  , 0  , 0  , 0  , 0  , 0  , 0  , 0 
 AGT   , 0  , 0  , 0  , 0  , 0  , 0  , 0  , 0  , 0  , 3  , 0  , 0  , 0  , 0  , 0  , 0  , 0  , 0  , 0  , 0  , 0  , 0  , 0  , 0  , 0  , 0  , 0  , 0  , 0  , 0  , 0  , 0  , 0  , 0  , 0  , 0  , 0  , 0  , 0  , 0  , 0  , 0  , 0  , 1  , 0  , 0  , 0  , 0  , 0  , 0  , 0  , 0  , 0  , 0  , 0  , 0  , 0  , 0  , 0  , 0  , 0  , 0  , 0  , 0 
 ATA   , 0  , 0  , 0  , 0  , 1  , 0  , 0  , 0  , 0  , 0  , 0  , 0  , 0  , 1  , 3  , 0  , 0  , 0  , 0  , 0  , 0  , 0  , 0  , 0  , 0  , 0  , 0  , 0  , 0  , 0  , 0  , 0  , 0  , 0  , 0  , 0  , 0  , 0  , 0  , 0  , 0  , 0  , 0  , 0  , 1  , 0  , 0  , 0  , 0  , 0  , 0  , 0  , 0  , 0  , 0  , 0  , 0  , 0  , 0  , 0  , 0  , 0  , 0  , 0 
 ATC   , 0  , 0  , 0  , 0  , 0  , 6  , 0  , 0  , 0  , 0  , 0  , 0  , 0  , 0  , 0  , 4  , 0  , 0  , 0  , 0  , 0  , 0  , 0  , 0  , 0  , 0  , 0  , 0  , 0  , 0  , 0  , 0  , 0  , 0  , 0  , 0  , 0  , 0  , 0  , 0  , 0  , 0  , 0  , 0  , 0  , 4  , 0  , 0  , 0  , 0  , 0  , 0  , 0  , 0  , 0  , 0  , 0  , 0  , 0  , 0  , 0  , 1  , 0  , 0 
 ATG   , 0  , 0  , 0  , 0  , 0  , 0  , 5  , 0  , 0  , 0  , 0  , 0  , 2  , 1  , 0  , 0  , 0  , 0  , 0  , 0  , 0  , 0  , 0  , 0  , 0  , 0  , 0  , 0  , 0  , 0  , 0  , 0  , 0  , 0  , 0  , 0  , 0  , 0  , 0  , 0  , 0  , 0  , 0  , 0  , 0  , 0  , 4  , 0  , 0  , 0  , 0  , 0  , 0  , 0  , 0  , 0  , 0  , 0  , 0  , 0  , 0  , 0  , 1  , 0 
 ATT   , 0  , 0  , 0  , 0  , 0  , 0  , 0  , 1  , 0  , 0  , 0  , 0  , 0  , 4  , 1  , 0  , 0  , 0  , 0  , 0  , 0  , 0  , 0  , 0  , 0  , 0  , 0  , 0  , 0  , 0  , 0  , 0  , 0  , 0  , 0  , 0  , 0  , 0  , 0  , 0  , 0  , 0  , 0  , 0  , 0  , 0  , 0  , 3  , 0  , 0  , 0  , 0  , 0  , 0  , 0  , 0  , 0  , 0  , 0  , 0  , 0  , 0  , 0  , 0 
 CAA   , 1  , 0  , 0  , 0  , 0  , 0  , 0  , 0  , 0  , 0  , 0  , 0  , 0  , 0  , 0  , 0  , 0  , 0  , 3  , 1  , 1  , 0  , 0  , 0  , 0  , 0  , 0  , 0  , 1  , 0  , 0  , 0  , 0  , 0  , 0  , 0  , 0  , 0  , 0  , 0  , 0  , 0  , 0  , 0  , 0  , 0  , 0  , 0  , 1  , 0  , 0  , 0  , 0  , 0  , 0  , 0  , 0  , 0  , 0  , 0  , 0  , 0  , 0  , 0 
 CAC   , 0  , 1  , 0  , 0  , 0  , 0  , 0  , 0  , 0  , 0  , 0  , 0  , 0  , 0  , 0  , 0  , 0  , 0  , 1  , 0  , 0  , 1  , 0  , 0  , 0  , 2  , 0  , 0  , 0  , 1  , 0  , 0  , 0  , 1  , 0  , 0  , 0  , 0  , 0  , 0  , 0  , 0  , 0  , 0  , 0  , 0  , 0  , 0  , 0  , 2  , 0  , 0  , 0  , 0  , 0  , 0  , 0  , 0  , 0  , 0  , 0  , 0  , 0  , 0 
 CAG   , 0  , 0  , 1  , 0  , 0  , 0  , 0  , 0  , 0  , 0  , 0  , 0  , 0  , 0  , 0  , 0  , 1  , 0  , 0  , 2  , 0  , 0  , 0  , 0  , 0  , 0  , 2  , 0  , 0  , 0  , 1  , 0  , 0  , 0  , 0  , 0  , 0  , 0  , 0  , 0  , 0  , 0  , 0  , 0  , 0  , 0  , 0  , 0  , 0  , 0  , 0  , 0  , 0  , 0  , 0  , 0  , 0  , 0  , 0  , 0  , 0  , 0  , 0  , 0 
 CAT   , 0  , 0  , 0  , 0  , 0  , 0  , 0  , 0  , 0  , 0  , 0  , 0  , 0  , 0  , 0  , 0  , 1  , 5  , 2  , 0  , 0  , 0  , 0  , 0  , 0  , 0  , 0  , 0  , 0  , 0  , 0  , 0  , 0  , 0  , 0  , 1  , 0  , 0  , 0  , 0  , 0  , 0  , 0  , 0  , 0  , 0  , 0  , 0  , 0  , 0  , 0  , 0  , 0  , 0  , 0  , 0  , 0  , 0  , 0  , 0  , 0  , 0  , 0  , 0 
 CCA   , 0  , 0  , 0  , 0  , 0  , 0  , 0  , 0  , 0  , 0  , 0  , 0  , 0  , 0  , 0  , 0  , 2  , 0  , 0  , 0  , 0  , 1  , 8  , 0  , 0  , 0  , 0  , 0  , 0  , 0  , 0  , 0  , 0  , 0  , 0  , 0  , 0  , 0  , 0  , 0  , 0  , 0  , 0  , 0  , 0  , 0  , 0  , 0  , 0  , 0  , 0  , 0  , 0  , 0  , 0  , 0  , 0  , 0  , 0  , 0  , 0  , 0  , 0  , 0 
 CCC   , 0  , 0  , 0  , 0  , 0  , 1  , 0  , 0  , 0  , 0  , 0  , 0  , 0  , 0  , 0  , 0  , 0  , 0  , 0  , 0  , 1  , 0  , 4  , 2  , 0  , 1  , 0  , 0  , 0  , 4  , 0  , 0  , 0  , 0  , 0  , 0  , 0  , 3  , 0  , 0  , 0  , 0  , 0  , 0  , 0  , 0  , 0  , 0  , 0  , 0  , 0  , 0  , 0  , 2  , 0  , 0  , 0  , 0  , 0  , 0  , 0  , 0  , 0  , 0 
 CCG   , 0  , 0  , 0  , 0  , 0  , 0  , 0  , 0  , 0  , 0  , 0  , 0  , 0  , 0  , 0  , 0  , 0  , 0  , 3  , 0  , 2  , 0  , 0  , 2  , 0  , 0  , 2  , 0  , 0  , 0  , 2  , 0  , 0  , 0  , 0  , 0  , 0  , 0  , 2  , 0  , 0  , 0  , 0  , 0  , 0  , 0  , 0  , 0  , 0  , 0  , 0  , 0  , 0  , 0  , 4  , 0  , 0  , 0  , 0  , 0  , 0  , 0  , 0  , 0 
 CCT   , 0  , 0  , 0  , 0  , 0  , 0  , 0  , 1  , 0  , 0  , 0  , 0  , 0  , 0  , 0  , 0  , 0  , 0  , 0  , 0  , 0  , 1  , 2  , 0  , 0  , 0  , 0  , 0  , 0  , 0  , 0  , 0  , 0  , 0  , 0  , 0  , 0  , 0  , 0  , 0  , 0  , 0  , 0  , 0  , 0  , 0  , 0  , 0  , 0  , 0  , 0  , 0  , 0  , 0  , 0  , 1  , 0  , 0  , 0  , 0  , 0  , 0  , 0  , 0 
 CGA   , 0  , 0  , 0  , 0  , 0  , 0  , 0  , 0  , 0  , 0  , 0  , 0  , 0  , 0  , 0  , 0  , 0  , 0  , 0  , 0  , 0  , 0  , 0  , 0  , 0  , 0  , 1  , 0  , 1  , 0  , 0  , 0  , 0  , 0  , 0  , 0  , 0  , 0  , 0  , 0  , 0  , 0  , 0  , 0  , 0  , 0  , 0  , 0  , 0  , 0  , 0  , 0  , 0  , 0  , 0  , 0  , 1  , 0  , 0  , 0  , 0  , 0  , 0  , 0 
 CGC   , 0  , 0  , 0  , 0  , 0  , 0  , 0  , 0  , 0  , 1  , 0  , 0  , 0  , 0  , 0  , 0  , 0  , 5  , 0  , 0  , 0  , 2  , 0  , 0  , 3  , 0  , 1  , 3  , 0  , 0  , 0  , 0  , 0  , 0  , 0  , 0  , 0  , 0  , 0  , 0  , 0  , 3  , 0  , 0  , 0  , 0  , 0  , 0  , 0  , 0  , 0  , 0  , 0  , 0  , 0  , 0  , 0  , 1  , 0  , 0  , 0  , 0  , 0  , 0 
 CGG   , 0  , 0  , 0  , 0  , 0  , 0  , 0  , 0  , 0  , 0  , 2  , 0  , 0  , 0  , 0  , 0  , 0  , 0  , 2  , 0  , 0  , 0  , 3  , 0  , 3  , 3  , 0  , 0  , 0  , 0  , 3  , 0  , 0  , 0  , 0  , 0  , 0  , 0  , 0  , 0  , 0  , 0  , 2  , 0  , 0  , 0  , 0  , 0  , 0  , 0  , 0  , 0  , 0  , 0  , 0  , 0  , 0  , 0  , 3  , 0  , 0  , 0  , 0  , 0 
 CGT   , 0  , 0  , 0  , 0  , 0  , 0  , 0  , 0  , 0  , 0  , 0  , 1  , 0  , 0  , 0  , 0  , 0  , 0  , 0  , 1  , 0  , 0  , 0  , 1  , 0  , 1  , 2  , 0  , 0  , 0  , 0  , 1  , 0  , 0  , 0  , 0  , 0  , 0  , 0  , 0  , 0  , 0  , 0  , 0  , 0  , 0  , 0  , 0  , 0  , 0  , 0  , 0  , 0  , 0  , 0  , 0  , 0  , 0  , 0  , 1  , 0  , 0  , 0  , 0 
 CTA   , 0  , 0  , 0  , 0  , 0  , 0  , 0  , 0  , 0  , 0  , 0  , 0  , 0  , 0  , 0  , 0  , 0  , 0  , 0  , 0  , 2  , 0  , 0  , 0  , 0  , 0  , 0  , 0  , 0  , 0  , 4  , 0  , 0  , 0  , 0  , 0  , 0  , 0  , 0  , 0  , 0  , 0  , 0  , 0  , 0  , 0  , 0  , 0  , 0  , 0  , 0  , 0  , 0  , 0  , 0  , 0  , 0  , 0  , 0  , 0  , 2  , 0  , 0  , 0 
 CTC   , 0  , 0  , 0  , 0  , 0  , 0  , 0  , 0  , 0  , 0  , 0  , 0  , 0  , 0  , 0  , 0  , 0  , 0  , 0  , 0  , 0  , 4  , 0  , 0  , 0  , 3  , 0  , 0  , 2  , 0  , 3  , 1  , 0  , 0  , 0  , 0  , 0  , 0  , 0  , 0  , 0  , 0  , 0  , 0  , 0  , 0  , 0  , 0  , 0  , 0  , 0  , 0  , 0  , 0  , 0  , 0  , 0  , 0  , 0  , 0  , 0  , 1  , 0  , 0 
 CTG   , 0  , 0  , 0  , 0  , 0  , 0  , 0  , 0  , 0  , 0  , 0  , 0  , 0  , 0  , 0  , 0  , 0  , 0  , 0  , 0  , 0  , 0  , 5  , 0  , 0  , 0  , 2  , 0  , 10  , 3  , 0  , 0  , 0  , 0  , 0  , 0  , 0  , 0  , 0  , 0  , 0  , 0  , 0  , 0  , 0  , 0  , 1  , 0  , 0  , 0  , 0  , 0  , 0  , 0  , 0  , 0  , 0  , 0  , 0  , 0  , 0  , 0  , 8  , 0 
 CTT   , 0  , 0  , 0  , 0  , 0  , 0  , 0  , 0  , 0  , 0  , 0  , 0  , 0  , 0  , 0  , 0  , 0  , 0  , 0  , 0  , 0  , 0  , 0  , 0  , 0  , 0  , 0  , 0  , 0  , 5  , 1  , 0  , 0  , 0  , 0  , 0  , 0  , 0  , 0  , 0  , 0  , 0  , 0  , 0  , 0  , 0  , 0  , 1  , 0  , 0  , 0  , 0  , 0  , 0  , 0  , 0  , 0  , 0  , 0  , 0  , 0  , 0  , 0  , 1 
 GAA   , 0  , 0  , 0  , 0  , 0  , 0  , 0  , 0  , 0  , 0  , 0  , 0  , 0  , 0  , 0  , 0  , 0  , 0  , 0  , 0  , 0  , 0  , 0  , 0  , 0  , 0  , 0  , 0  , 0  , 0  , 0  , 0  , 0  , 0  , 1  , 0  , 0  , 0  , 0  , 0  , 1  , 0  , 0  , 0  , 0  , 0  , 0  , 0  , 1  , 0  , 0  , 0  , 0  , 0  , 0  , 0  , 0  , 0  , 0  , 0  , 0  , 0  , 0  , 0 
 GAC   , 0  , 0  , 0  , 0  , 0  , 0  , 0  , 0  , 0  , 0  , 0  , 0  , 0  , 0  , 0  , 0  , 0  , 1  , 0  , 0  , 0  , 0  , 0  , 0  , 0  , 0  , 0  , 0  , 0  , 0  , 0  , 0  , 1  , 0  , 3  , 3  , 0  , 1  , 0  , 0  , 0  , 4  , 0  , 0  , 0  , 0  , 0  , 0  , 0  , 0  , 0  , 0  , 0  , 0  , 0  , 0  , 0  , 0  , 0  , 0  , 0  , 0  , 0  , 0 
 GAG   , 0  , 0  , 0  , 0  , 0  , 0  , 0  , 0  , 0  , 0  , 0  , 0  , 0  , 0  , 0  , 0  , 0  , 0  , 1  , 0  , 0  , 0  , 0  , 0  , 0  , 0  , 0  , 0  , 0  , 0  , 0  , 0  , 4  , 3  , 0  , 0  , 0  , 0  , 2  , 0  , 0  , 0  , 1  , 0  , 0  , 0  , 0  , 0  , 0  , 0  , 0  , 0  , 0  , 0  , 0  , 0  , 0  , 0  , 0  , 0  , 0  , 0  , 0  , 0 
 GAT   , 0  , 0  , 0  , 1  , 0  , 0  , 0  , 0  , 0  , 0  , 0  , 0  , 0  , 0  , 0  , 0  , 0  , 0  , 0  , 0  , 0  , 0  , 0  , 0  , 0  , 0  , 0  , 0  , 0  , 0  , 0  , 0  , 0  , 4  , 1  , 0  , 0  , 0  , 0  , 0  , 0  , 0  , 0  , 1  , 0  , 0  , 0  , 0  , 0  , 0  , 0  , 0  , 0  , 0  , 0  , 0  , 0  , 0  , 0  , 0  , 0  , 0  , 0  , 0 
 GCA   , 0  , 0  , 0  , 0  , 3  , 0  , 0  , 0  , 0  , 0  , 0  , 0  , 0  , 0  , 0  , 0  , 0  , 0  , 0  , 0  , 0  , 0  , 0  , 0  , 0  , 0  , 0  , 0  , 0  , 0  , 0  , 0  , 0  , 0  , 0  , 0  , 0  , 1  , 8  , 1  , 1  , 0  , 0  , 0  , 1  , 0  , 0  , 0  , 0  , 0  , 0  , 0  , 0  , 0  , 0  , 0  , 0  , 0  , 0  , 0  , 0  , 0  , 0  , 0 
 GCC   , 0  , 0  , 0  , 0  , 0  , 10  , 0  , 0  , 0  , 0  , 0  , 0  , 0  , 0  , 0  , 0  , 0  , 0  , 0  , 0  , 0  , 0  , 0  , 0  , 0  , 0  , 0  , 0  , 0  , 0  , 0  , 0  , 0  , 1  , 0  , 0  , 2  , 0  , 5  , 8  , 0  , 1  , 0  , 0  , 0  , 4  , 0  , 0  , 0  , 0  , 0  , 0  , 0  , 2  , 0  , 0  , 0  , 0  , 0  , 0  , 0  , 0  , 0  , 0 
 GCG   , 0  , 0  , 0  , 0  , 0  , 0  , 5  , 0  , 0  , 0  , 0  , 0  , 0  , 0  , 0  , 0  , 0  , 0  , 0  , 0  , 0  , 0  , 3  , 0  , 0  , 0  , 0  , 0  , 0  , 0  , 0  , 0  , 0  , 0  , 7  , 0  , 7  , 3  , 0  , 2  , 0  , 0  , 1  , 0  , 0  , 0  , 7  , 0  , 0  , 0  , 0  , 0  , 0  , 0  , 2  , 0  , 0  , 0  , 0  , 0  , 0  , 0  , 0  , 0 
 GCT   , 0  , 0  , 0  , 0  , 0  , 0  , 0  , 0  , 0  , 0  , 0  , 0  , 0  , 0  , 0  , 0  , 0  , 0  , 0  , 0  , 0  , 0  , 0  , 0  , 0  , 0  , 0  , 0  , 0  , 0  , 0  , 0  , 0  , 0  , 0  , 1  , 0  , 17  , 0  , 0  , 0  , 0  , 0  , 1  , 0  , 0  , 0  , 1  , 0  , 0  , 0  , 0  , 0  , 0  , 0  , 1  , 0  , 0  , 0  , 0  , 0  , 0  , 0  , 0 
 GGA   , 0  , 0  , 0  , 0  , 0  , 0  , 0  , 0  , 0  , 0  , 0  , 0  , 0  , 0  , 0  , 0  , 0  , 0  , 0  , 0  , 0  , 0  , 0  , 0  , 0  , 0  , 0  , 0  , 0  , 0  , 0  , 0  , 1  , 0  , 0  , 0  , 1  , 0  , 0  , 0  , 0  , 2  , 4  , 0  , 1  , 0  , 0  , 0  , 0  , 0  , 0  , 0  , 0  , 0  , 0  , 0  , 0  , 0  , 0  , 0  , 0  , 0  , 0  , 0 
 GGC   , 0  , 0  , 0  , 0  , 0  , 0  , 0  , 0  , 0  , 3  , 0  , 0  , 0  , 0  , 0  , 0  , 0  , 0  , 0  , 0  , 0  , 0  , 0  , 0  , 0  , 2  , 0  , 0  , 0  , 0  , 0  , 0  , 0  , 7  , 0  , 0  , 0  , 2  , 0  , 0  , 1  , 0  , 1  , 11  , 0  , 2  , 0  , 0  , 0  , 0  , 0  , 0  , 0  , 0  , 0  , 0  , 0  , 2  , 0  , 0  , 0  , 0  , 0  , 0 
 GGG   , 0  , 0  , 0  , 0  , 0  , 0  , 0  , 0  , 0  , 0  , 0  , 0  , 0  , 0  , 0  , 0  , 0  , 0  , 0  , 0  , 0  , 0  , 0  , 0  , 0  , 0  , 0  , 0  , 0  , 0  , 0  , 0  , 0  , 0  , 1  , 0  , 0  , 0  , 4  , 0  , 1  , 2  , 0  , 3  , 0  , 0  , 0  , 0  , 0  , 0  , 0  , 0  , 0  , 0  , 0  , 0  , 0  , 0  , 0  , 0  , 0  , 0  , 0  , 0 
 GGT   , 0  , 0  , 0  , 0  , 0  , 0  , 0  , 0  , 0  , 0  , 0  , 2  , 0  , 0  , 0  , 0  , 0  , 0  , 0  , 0  , 0  , 0  , 0  , 0  , 0  , 0  , 0  , 0  , 0  , 0  , 0  , 0  , 0  , 0  , 0  , 2  , 0  , 0  , 0  , 0  , 0  , 8  , 5  , 0  , 0  , 0  , 0  , 0  , 0  , 0  , 0  , 0  , 0  , 0  , 0  , 0  , 0  , 0  , 0  , 1  , 0  , 0  , 0  , 0 
 GTA   , 0  , 0  , 0  , 0  , 0  , 0  , 0  , 0  , 0  , 0  , 0  , 0  , 1  , 0  , 0  , 0  , 0  , 0  , 0  , 0  , 0  , 0  , 0  , 0  , 0  , 0  , 0  , 0  , 0  , 0  , 0  , 0  , 0  , 0  , 0  , 0  , 1  , 0  , 0  , 0  , 0  , 0  , 0  , 0  , 0  , 1  , 2  , 0  , 0  , 0  , 0  , 0  , 0  , 0  , 0  , 0  , 0  , 0  , 0  , 0  , 0  , 0  , 0  , 0 
 GTC   , 0  , 0  , 0  , 0  , 0  , 0  , 0  , 0  , 0  , 0  , 0  , 0  , 0  , 3  , 0  , 0  , 0  , 0  , 0  , 0  , 0  , 0  , 0  , 0  , 0  , 0  , 0  , 0  , 0  , 2  , 0  , 0  , 0  , 0  , 0  , 0  , 0  , 4  , 0  , 0  , 0  , 1  , 0  , 0  , 2  , 0  , 3  , 5  , 0  , 0  , 0  , 0  , 0  , 0  , 0  , 0  , 0  , 0  , 0  , 0  , 0  , 2  , 0  , 0 
 GTG   , 0  , 0  , 0  , 0  , 0  , 0  , 0  , 0  , 0  , 0  , 0  , 0  , 0  , 0  , 5  , 0  , 0  , 0  , 0  , 0  , 0  , 0  , 0  , 0  , 0  , 0  , 0  , 0  , 0  , 0  , 3  , 0  , 0  , 0  , 0  , 0  , 0  , 0  , 6  , 0  , 0  , 0  , 0  , 0  , 7  , 3  , 0  , 0  , 0  , 0  , 0  , 0  , 0  , 0  , 0  , 0  , 0  , 0  , 0  , 0  , 0  , 0  , 3  , 0 
 GTT   , 0  , 0  , 0  , 0  , 0  , 0  , 0  , 0  , 0  , 0  , 0  , 0  , 0  , 0  , 0  , 0  , 0  , 0  , 0  , 0  , 0  , 0  , 0  , 0  , 0  , 0  , 0  , 0  , 0  , 0  , 0  , 0  , 0  , 0  , 0  , 0  , 0  , 0  , 0  , 0  , 0  , 0  , 0  , 1  , 1  , 5  , 3  , 0  , 0  , 0  , 0  , 0  , 0  , 0  , 0  , 0  , 0  , 0  , 0  , 0  , 0  , 0  , 0  , 0 
 TAA   , 0  , 0  , 0  , 0  , 0  , 0  , 0  , 0  , 0  , 0  , 0  , 0  , 0  , 0  , 0  , 0  , 0  , 0  , 0  , 0  , 0  , 0  , 0  , 0  , 0  , 0  , 0  , 0  , 0  , 0  , 0  , 0  , 0  , 0  , 0  , 0  , 0  , 0  , 0  , 0  , 0  , 0  , 0  , 0  , 0  , 0  , 0  , 0  , 0  , 1  , 0  , 0  , 0  , 0  , 0  , 0  , 0  , 0  , 0  , 0  , 0  , 0  , 0  , 0 
 TAC   , 0  , 0  , 0  , 0  , 0  , 0  , 0  , 0  , 0  , 0  , 0  , 0  , 0  , 0  , 0  , 0  , 0  , 2  , 0  , 0  , 0  , 0  , 0  , 0  , 0  , 0  , 0  , 0  , 0  , 0  , 0  , 0  , 0  , 1  , 0  , 0  , 0  , 0  , 0  , 0  , 0  , 0  , 0  , 0  , 0  , 0  , 0  , 0  , 0  , 0  , 0  , 3  , 0  , 0  , 0  , 0  , 0  , 3  , 0  , 0  , 0  , 0  , 0  , 0 
 TAG   , 0  , 0  , 0  , 0  , 0  , 0  , 0  , 0  , 0  , 0  , 0  , 0  , 0  , 0  , 0  , 0  , 0  , 0  , 0  , 0  , 0  , 0  , 0  , 0  , 0  , 0  , 0  , 0  , 0  , 0  , 0  , 0  , 0  , 0  , 0  , 0  , 0  , 0  , 0  , 0  , 0  , 0  , 0  , 0  , 0  , 0  , 0  , 0  , 0  , 0  , 0  , 0  , 0  , 0  , 0  , 0  , 0  , 0  , 0  , 0  , 0  , 0  , 0  , 0 
 TAT   , 0  , 0  , 0  , 0  , 0  , 0  , 0  , 0  , 0  , 0  , 0  , 0  , 0  , 0  , 0  , 0  , 0  , 0  , 0  , 1  , 0  , 0  , 0  , 0  , 0  , 0  , 0  , 0  , 0  , 0  , 0  , 0  , 0  , 0  , 0  , 1  , 0  , 0  , 0  , 0  , 0  , 0  , 0  , 0  , 0  , 0  , 0  , 0  , 0  , 1  , 1  , 0  , 0  , 0  , 0  , 0  , 0  , 0  , 0  , 1  , 0  , 0  , 0  , 0 
 TCA   , 0  , 0  , 0  , 0  , 0  , 0  , 0  , 0  , 0  , 0  , 0  , 0  , 0  , 0  , 0  , 0  , 0  , 0  , 0  , 0  , 0  , 0  , 0  , 0  , 0  , 0  , 0  , 0  , 0  , 0  , 0  , 0  , 0  , 0  , 0  , 0  , 1  , 0  , 0  , 0  , 0  , 0  , 0  , 0  , 0  , 0  , 0  , 0  , 0  , 0  , 0  , 0  , 0  , 0  , 2  , 0  , 0  , 0  , 0  , 0  , 0  , 0  , 0  , 0 
 TCC   , 0  , 0  , 0  , 0  , 0  , 0  , 0  , 0  , 0  , 0  , 0  , 0  , 0  , 0  , 0  , 0  , 0  , 0  , 0  , 0  , 0  , 3  , 0  , 0  , 0  , 0  , 0  , 0  , 0  , 0  , 0  , 0  , 0  , 0  , 0  , 0  , 0  , 0  , 0  , 0  , 0  , 0  , 0  , 0  , 0  , 0  , 0  , 0  , 0  , 0  , 0  , 0  , 0  , 0  , 1  , 0  , 0  , 2  , 0  , 0  , 0  , 0  , 0  , 0 
 TCG   , 0  , 0  , 0  , 0  , 0  , 0  , 0  , 0  , 0  , 0  , 0  , 0  , 0  , 0  , 0  , 0  , 0  , 0  , 0  , 0  , 0  , 0  , 4  , 0  , 0  , 0  , 0  , 0  , 0  , 0  , 0  , 0  , 0  , 0  , 0  , 0  , 0  , 0  , 0  , 0  , 0  , 0  , 0  , 0  , 0  , 0  , 0  , 0  , 0  , 0  , 1  , 0  , 1  , 1  , 0  , 1  , 0  , 0  , 1  , 0  , 0  , 0  , 5  , 0 
 TCT   , 0  , 0  , 0  , 0  , 0  , 0  , 0  , 0  , 0  , 0  , 0  , 0  , 0  , 0  , 0  , 0  , 0  , 0  , 0  , 0  , 0  , 0  , 0  , 1  , 0  , 0  , 0  , 0  , 0  , 0  , 0  , 0  , 0  , 0  , 0  , 0  , 0  , 0  , 0  , 0  , 0  , 0  , 0  , 0  , 0  , 0  , 0  , 0  , 0  , 0  , 0  , 0  , 0  , 0  , 2  , 0  , 0  , 0  , 0  , 1  , 0  , 0  , 0  , 0 
 TGA   , 0  , 0  , 0  , 0  , 0  , 0  , 0  , 0  , 0  , 0  , 0  , 0  , 0  , 0  , 0  , 0  , 0  , 0  , 0  , 0  , 0  , 0  , 0  , 0  , 0  , 0  , 0  , 0  , 0  , 0  , 0  , 0  , 0  , 0  , 0  , 0  , 0  , 0  , 0  , 0  , 0  , 0  , 0  , 0  , 0  , 0  , 0  , 0  , 0  , 0  , 0  , 0  , 0  , 0  , 0  , 0  , 0  , 0  , 0  , 0  , 0  , 0  , 0  , 0 
 TGC   , 0  , 0  , 0  , 0  , 0  , 0  , 0  , 0  , 0  , 0  , 0  , 0  , 0  , 0  , 0  , 0  , 0  , 0  , 0  , 0  , 0  , 0  , 0  , 0  , 0  , 3  , 0  , 0  , 0  , 0  , 0  , 0  , 0  , 0  , 0  , 0  , 0  , 0  , 0  , 0  , 0  , 2  , 0  , 0  , 0  , 0  , 0  , 0  , 0  , 0  , 0  , 0  , 0  , 0  , 0  , 0  , 1  , 0  , 1  , 1  , 0  , 1  , 0  , 0 
 TGG   , 0  , 0  , 0  , 0  , 0  , 0  , 0  , 0  , 0  , 0  , 0  , 0  , 0  , 0  , 0  , 0  , 0  , 0  , 0  , 0  , 0  , 0  , 0  , 0  , 0  , 0  , 2  , 0  , 0  , 0  , 0  , 0  , 0  , 0  , 0  , 0  , 0  , 0  , 0  , 0  , 0  , 0  , 0  , 0  , 0  , 0  , 0  , 0  , 0  , 0  , 0  , 0  , 0  , 0  , 0  , 0  , 1  , 0  , 0  , 1  , 0  , 0  , 1  , 0 
 TGT   , 0  , 0  , 0  , 0  , 0  , 0  , 0  , 0  , 0  , 0  , 0  , 0  , 0  , 0  , 0  , 0  , 0  , 0  , 0  , 0  , 0  , 0  , 0  , 0  , 0  , 0  , 0  , 2  , 0  , 0  , 0  , 0  , 0  , 0  , 0  , 0  , 0  , 0  , 0  , 0  , 0  , 0  , 0  , 0  , 0  , 0  , 0  , 0  , 0  , 0  , 0  , 1  , 0  , 0  , 0  , 1  , 0  , 0  , 0  , 0  , 0  , 0  , 0  , 0 
 TTA   , 0  , 0  , 0  , 0  , 0  , 0  , 0  , 0  , 0  , 0  , 0  , 0  , 0  , 0  , 0  , 0  , 0  , 0  , 0  , 0  , 0  , 0  , 0  , 0  , 0  , 0  , 0  , 0  , 0  , 0  , 0  , 0  , 0  , 0  , 0  , 0  , 0  , 0  , 0  , 0  , 0  , 0  , 0  , 0  , 0  , 0  , 0  , 0  , 0  , 0  , 0  , 0  , 0  , 0  , 0  , 0  , 0  , 0  , 0  , 0  , 0  , 0  , 0  , 0 
 TTC   , 0  , 0  , 0  , 0  , 0  , 0  , 0  , 0  , 0  , 0  , 0  , 0  , 0  , 1  , 0  , 0  , 0  , 0  , 0  , 0  , 0  , 0  , 0  , 0  , 0  , 0  , 0  , 0  , 0  , 1  , 0  , 0  , 0  , 0  , 0  , 0  , 0  , 0  , 0  , 0  , 0  , 0  , 0  , 0  , 0  , 0  , 0  , 0  , 0  , 1  , 0  , 0  , 0  , 2  , 0  , 0  , 0  , 1  , 0  , 0  , 0  , 0  , 0  , 4 
 TTG   , 0  , 0  , 0  , 0  , 0  , 0  , 0  , 0  , 0  , 0  , 0  , 0  , 0  , 0  , 0  , 0  , 0  , 0  , 0  , 0  , 0  , 0  , 0  , 0  , 0  , 0  , 0  , 0  , 0  , 0  , 2  , 0  , 0  , 0  , 0  , 0  , 0  , 0  , 0  , 0  , 0  , 0  , 0  , 0  , 0  , 0  , 2  , 0  , 0  , 0  , 0  , 0  , 0  , 0  , 1  , 0  , 0  , 0  , 0  , 0  , 0  , 1  , 0  , 0 
 TTT   , 0  , 0  , 0  , 0  , 0  , 0  , 0  , 0  , 0  , 0  , 0  , 0  , 0  , 0  , 0  , 0  , 0  , 0  , 0  , 0  , 0  , 0  , 0  , 0  , 0  , 0  , 0  , 0  , 0  , 0  , 0  , 0  , 0  , 0  , 0  , 0  , 0  , 0  , 0  , 0  , 0  , 0  , 0  , 0  , 0  , 0  , 0  , 3  , 0  , 0  , 0  , 0  , 0  , 0  , 0  , 0  , 0  , 0  , 0  , 0  , 0  , 3  , 0  , 0 

# Amino acid change table

aa  , *  , A  , C  , D  , E  , F  , G  , H  , I  , K  , L  , M  , N  , P  , Q  , R  , S  , T  , V  , W  , Y 
 * , 0 , 0 , 0 , 0 , 0 , 0 , 0 , 0 , 0 , 0 , 0 , 0 , 0 , 0 , 0 , 0 , 0 , 0 , 0 , 0 , 1 
 A , 0 , 54 , 0 , 2 , 7 , 0 , 4 , 0 , 0 , 0 , 0 , 0 , 0 , 3 , 0 , 0 , 5 , 18 , 13 , 0 , 0 
 C , 1 , 0 , 1 , 0 , 0 , 1 , 2 , 0 , 0 , 0 , 0 , 0 , 0 , 0 , 0 , 5 , 1 , 0 , 0 , 1 , 1 
 D , 0 , 1 , 0 , 7 , 5 , 0 , 5 , 1 , 0 , 0 , 0 , 0 , 1 , 0 , 0 , 0 , 0 , 0 , 0 , 0 , 0 
 E , 1 , 2 , 0 , 3 , 5 , 0 , 2 , 0 , 0 , 0 , 0 , 0 , 0 , 0 , 1 , 0 , 0 , 0 , 0 , 0 , 0 
 F , 0 , 0 , 1 , 0 , 0 , 7 , 0 , 0 , 1 , 0 , 1 , 0 , 0 , 0 , 0 , 0 , 2 , 0 , 3 , 0 , 1 
 G , 0 , 7 , 3 , 9 , 2 , 0 , 38 , 0 , 0 , 0 , 0 , 0 , 0 , 0 , 0 , 2 , 5 , 0 , 3 , 0 , 0 
 H , 0 , 0 , 0 , 2 , 0 , 0 , 0 , 5 , 0 , 0 , 1 , 0 , 1 , 1 , 4 , 2 , 0 , 0 , 0 , 0 , 2 
 I , 0 , 0 , 0 , 0 , 0 , 1 , 0 , 0 , 9 , 0 , 0 , 4 , 0 , 0 , 0 , 0 , 0 , 8 , 8 , 0 , 0 
 K , 0 , 0 , 0 , 0 , 5 , 0 , 0 , 0 , 0 , 4 , 0 , 0 , 1 , 0 , 1 , 2 , 0 , 1 , 0 , 0 , 0 
 L , 0 , 0 , 0 , 0 , 0 , 3 , 0 , 0 , 0 , 0 , 41 , 0 , 0 , 11 , 0 , 5 , 1 , 0 , 4 , 0 , 0 
 M , 0 , 0 , 0 , 0 , 0 , 0 , 0 , 0 , 3 , 0 , 1 , 0 , 0 , 0 , 0 , 0 , 0 , 5 , 4 , 0 , 0 
 N , 0 , 0 , 0 , 7 , 0 , 0 , 0 , 0 , 0 , 1 , 0 , 0 , 4 , 0 , 0 , 0 , 2 , 0 , 0 , 0 , 0 
 P , 0 , 5 , 0 , 0 , 0 , 0 , 0 , 0 , 0 , 0 , 6 , 0 , 0 , 23 , 5 , 3 , 7 , 2 , 0 , 0 , 0 
 Q , 1 , 0 , 0 , 0 , 0 , 0 , 0 , 3 , 0 , 2 , 2 , 0 , 0 , 1 , 4 , 2 , 0 , 0 , 0 , 0 , 0 
 R , 1 , 0 , 2 , 0 , 0 , 0 , 9 , 6 , 0 , 0 , 5 , 0 , 0 , 6 , 2 , 20 , 2 , 0 , 0 , 3 , 0 
 S , 1 , 1 , 4 , 0 , 0 , 0 , 5 , 0 , 0 , 0 , 5 , 0 , 4 , 8 , 0 , 1 , 13 , 2 , 0 , 1 , 0 
 T , 0 , 21 , 0 , 0 , 0 , 0 , 0 , 0 , 6 , 2 , 0 , 3 , 1 , 0 , 0 , 0 , 3 , 20 , 0 , 0 , 0 
 V , 0 , 11 , 0 , 0 , 0 , 2 , 2 , 0 , 4 , 0 , 8 , 5 , 0 , 0 , 0 , 0 , 0 , 0 , 32 , 0 , 0 
 W , 1 , 0 , 1 , 0 , 0 , 0 , 0 , 0 , 0 , 0 , 1 , 0 , 0 , 0 , 0 , 2 , 0 , 0 , 0 , 0 , 0 
 Y , 1 , 0 , 4 , 2 , 0 , 0 , 0 , 3 , 0 , 0 , 0 , 0 , 0 , 0 , 0 , 0 , 0 , 0 , 0 , 0 , 4 

# Chromosome change table

Chromosome, Position,0,100000,200000,300000,400000,500000,600000,700000,800000,900000,1000000,1100000,1200000,1300000,1400000,1500000,1600000,1700000,1800000,1900000,2000000,2100000,2200000,2300000,2400000,2500000,2600000,2700000,2800000,2900000,3000000,3100000,3200000,3300000,3400000,3500000,3600000,3700000,3800000,3900000,4000000,4100000,4200000,4300000,4400000
Chromosome,Count,32,23,17,23,28,14,19,8,16,19,23,17,15,16,14,11,20,21,16,18,20,26,23,20,4,15,13,12,22,25,12,21,21,29,15,11,6,26,27,9,17,13,18,19,1

