
# Summary table 

Name , Value
Genome , Mycobacterium_tuberculosis_h37rv 
Date , 2026-03-18 12:55
SnpEff_version , SnpEff 5.4c (build 2026-02-23 07:25), by Pablo Cingolani
Command_line_arguments , SnpEff  Mycobacterium_tuberculosis_h37rv -stats ../annotation/indels/stats/ERR8774480_indels_snpEff_summary.html -csvStats ../annotation/indels/stats/ERR8774480_indels_snpEff_genes.txt - 
Warnings , 280 
Number_of_lines_in_input_file, 80
Number_of_variants_before_filter, 80
Number_of_not_variants , 0
Number_of_variants_processed , 80
Number_of_known_variants (i.e. non-empty ID) , 0, 0% 
Number_of_effects , 849 
Genome_total_length ,4411532 
Genome_effective_length ,4411532 
Change_rate , 55144 

# Change rate by chromosome

Chromosome , Length , Changes , Change_rate 
Chromosome , 4411532 , 80 , 55144

# Variantss by type

Type , Count , Percent 
DEL , 38 , 47.5% 
INS , 42 , 52.5% 

# Effects by impact

Type , Count , Percent 
HIGH , 38 , 4.475854% 
LOW , 1 , 0.117786% 
MODERATE , 22 , 2.591284% 
MODIFIER , 788 , 92.815077% 

# Effects by functional class

Type , Count , Percent 

Missense_Silent_ratio, 0

# Count by effects

Type , Count , Percent 
conservative_inframe_deletion , 2 , 0.235294% 
conservative_inframe_insertion , 7 , 0.823529% 
disruptive_inframe_deletion , 3 , 0.352941% 
disruptive_inframe_insertion , 10 , 1.176471% 
downstream_gene_variant , 384 , 45.176471% 
frameshift_variant , 38 , 4.470588% 
intergenic_region , 23 , 2.705882% 
non_coding_transcript_exon_variant , 2 , 0.235294% 
splice_region_variant , 1 , 0.117647% 
upstream_gene_variant , 380 , 44.705882% 

# Count by genomic region

Type , Count , Percent 
DOWNSTREAM , 384 , 45.229682% 
EXON , 61 , 7.184923% 
INTERGENIC , 23 , 2.709069% 
SPLICE_SITE_REGION , 1 , 0.117786% 
UPSTREAM , 380 , 44.758539% 

# Quality 

Values , 40,43,47,55,62,68,71,76,85,89,92,104,105,106,124,128,130,131,137,139,145,146,152,159,164,169,170,171,172,177,182,191,193,221,228
Count , 1,1,1,1,1,1,1,1,1,1,1,1,1,1,1,1,1,1,2,1,1,1,1,2,1,2,1,2,1,1,1,1,1,1,42

# InDel lengths

Values , 0,1,2,4,8,9,14,17,20
Count , 21,40,2,1,7,1,2,2,4

# Base changes

base  , A  , C  , G  , T 
 A  , 0  , 0  , 0  , 0 
 C  , 0  , 0  , 0  , 0 
 G  , 0  , 0  , 0  , 0 
 T  , 0  , 0  , 0  , 0 

# Ts/Tv summary

Transitions , 0
Transversions , 0
Ts_Tv_ratio , 0

# Ts/Tv : All variants

No results available (empty input?)

# Ts/Tv : Known variants

No results available (empty input?)

# Allele frequency

# Allele frequency : All variants

Values , 50
Count , 80

# Allele Count

Values , 1
Count , 80

# Hom/Het table

Sample_names , ../mapping/bam_dedup/ERR8774480_dedup.bam
Reference , 0
Het , 80
Hom , 0
Missing , 0


# Codon change table
	
codons  , -  , AAA  , AAC  , AAG  , AAT  , ACC  , ACG  , ACT  , AGC  , ATA  , ATC  , ATG  , CAA  , CAC  , CAT  , CCA  , CCC  , CCG  , CCT  , CGC  , CGG  , CGT  , CTC  , CTG  , GAA  , GAC  , GAG  , GCA  , GCC  , GCG  , GCT  , GGA  , GGC  , GGG  , GGT  , GTA  , GTC  , GTG  , TAC  , TCA  , TCG  , TGC  , TTA  , TTC  , TTG  , TTT 
 -   , 0  , 0  , 3  , 1  , 1  , 1  , 2  , 1  , 2  , 1  , 3  , 0  , 3  , 0  , 0  , 0  , 3  , 9  , 3  , 0  , 1  , 0  , 1  , 0  , 2  , 2  , 1  , 6  , 5  , 0  , 0  , 0  , 14  , 1  , 2  , 4  , 0  , 2  , 0  , 0  , 0  , 3  , 0  , 0  , 0  , 0 
 AAA   , 1  , 0  , 0  , 0  , 0  , 0  , 0  , 0  , 0  , 0  , 0  , 0  , 0  , 0  , 0  , 0  , 0  , 0  , 0  , 0  , 0  , 0  , 0  , 0  , 0  , 0  , 0  , 0  , 0  , 0  , 0  , 0  , 0  , 0  , 0  , 0  , 0  , 0  , 0  , 0  , 0  , 0  , 0  , 0  , 0  , 0 
 AAC   , 2  , 0  , 0  , 1  , 0  , 0  , 0  , 0  , 0  , 0  , 0  , 0  , 0  , 0  , 0  , 0  , 0  , 0  , 0  , 0  , 0  , 0  , 0  , 0  , 0  , 0  , 0  , 0  , 0  , 0  , 0  , 0  , 0  , 0  , 0  , 0  , 0  , 0  , 0  , 0  , 0  , 0  , 0  , 0  , 0  , 0 
 AAG   , 0  , 0  , 0  , 0  , 0  , 0  , 0  , 0  , 0  , 0  , 0  , 0  , 0  , 0  , 0  , 0  , 0  , 0  , 0  , 0  , 0  , 0  , 0  , 0  , 0  , 0  , 0  , 0  , 0  , 0  , 0  , 0  , 0  , 0  , 0  , 0  , 0  , 0  , 0  , 0  , 0  , 0  , 0  , 0  , 0  , 0 
 AAT   , 0  , 0  , 0  , 0  , 0  , 0  , 0  , 0  , 0  , 0  , 1  , 0  , 0  , 0  , 0  , 0  , 0  , 0  , 0  , 0  , 0  , 0  , 0  , 0  , 0  , 0  , 0  , 0  , 0  , 0  , 0  , 0  , 0  , 0  , 0  , 0  , 0  , 0  , 0  , 0  , 0  , 0  , 0  , 0  , 0  , 0 
 ACC   , 1  , 0  , 0  , 0  , 0  , 0  , 0  , 0  , 0  , 0  , 0  , 0  , 0  , 0  , 0  , 0  , 0  , 0  , 0  , 0  , 0  , 0  , 0  , 0  , 0  , 0  , 0  , 0  , 0  , 0  , 0  , 0  , 0  , 0  , 0  , 0  , 0  , 0  , 0  , 0  , 0  , 0  , 0  , 0  , 0  , 0 
 ACG   , 0  , 0  , 0  , 0  , 0  , 0  , 0  , 0  , 0  , 0  , 0  , 0  , 0  , 0  , 0  , 0  , 0  , 0  , 0  , 0  , 0  , 0  , 0  , 0  , 0  , 0  , 0  , 0  , 0  , 0  , 0  , 0  , 0  , 0  , 0  , 0  , 0  , 0  , 0  , 0  , 0  , 0  , 0  , 0  , 0  , 0 
 ACT   , 0  , 0  , 0  , 0  , 0  , 0  , 0  , 0  , 0  , 0  , 0  , 0  , 0  , 0  , 0  , 0  , 0  , 0  , 0  , 0  , 0  , 0  , 0  , 0  , 0  , 0  , 0  , 1  , 0  , 0  , 0  , 0  , 0  , 0  , 0  , 0  , 0  , 0  , 0  , 0  , 0  , 0  , 0  , 0  , 0  , 0 
 AGC   , 1  , 0  , 1  , 0  , 0  , 0  , 0  , 0  , 0  , 0  , 0  , 0  , 0  , 0  , 0  , 0  , 0  , 0  , 0  , 0  , 0  , 0  , 0  , 0  , 0  , 0  , 0  , 0  , 0  , 0  , 0  , 0  , 0  , 0  , 0  , 0  , 0  , 0  , 0  , 0  , 0  , 0  , 0  , 0  , 0  , 0 
 ATA   , 0  , 0  , 0  , 0  , 0  , 0  , 0  , 0  , 0  , 0  , 1  , 0  , 0  , 0  , 0  , 0  , 0  , 0  , 0  , 0  , 0  , 0  , 0  , 0  , 0  , 0  , 0  , 0  , 0  , 0  , 0  , 0  , 0  , 0  , 0  , 0  , 0  , 0  , 0  , 0  , 0  , 0  , 0  , 0  , 0  , 0 
 ATC   , 1  , 0  , 0  , 0  , 0  , 1  , 0  , 0  , 0  , 1  , 1  , 0  , 0  , 0  , 0  , 0  , 0  , 0  , 0  , 0  , 0  , 0  , 0  , 0  , 0  , 0  , 0  , 0  , 0  , 0  , 0  , 0  , 0  , 0  , 0  , 0  , 0  , 0  , 0  , 0  , 0  , 0  , 0  , 0  , 0  , 0 
 ATG   , 1  , 0  , 0  , 0  , 0  , 0  , 0  , 0  , 0  , 0  , 0  , 0  , 0  , 0  , 0  , 0  , 0  , 0  , 0  , 0  , 0  , 0  , 0  , 0  , 0  , 0  , 0  , 0  , 0  , 0  , 0  , 0  , 0  , 0  , 0  , 0  , 0  , 0  , 0  , 0  , 0  , 0  , 0  , 0  , 0  , 0 
 CAA   , 0  , 0  , 0  , 0  , 0  , 0  , 0  , 0  , 0  , 0  , 0  , 0  , 0  , 0  , 0  , 0  , 0  , 0  , 0  , 0  , 0  , 0  , 0  , 0  , 0  , 0  , 0  , 0  , 0  , 0  , 0  , 0  , 0  , 0  , 0  , 0  , 0  , 0  , 0  , 1  , 0  , 0  , 0  , 0  , 0  , 0 
 CAC   , 0  , 0  , 0  , 0  , 0  , 0  , 0  , 0  , 0  , 0  , 0  , 0  , 0  , 0  , 0  , 0  , 0  , 0  , 0  , 1  , 0  , 0  , 0  , 0  , 0  , 0  , 0  , 0  , 0  , 0  , 0  , 0  , 0  , 0  , 0  , 0  , 0  , 0  , 0  , 0  , 0  , 0  , 0  , 0  , 0  , 0 
 CAT   , 1  , 0  , 0  , 0  , 0  , 0  , 0  , 0  , 0  , 0  , 0  , 0  , 0  , 0  , 0  , 0  , 0  , 0  , 0  , 0  , 0  , 0  , 0  , 0  , 0  , 0  , 0  , 0  , 0  , 0  , 0  , 0  , 0  , 0  , 0  , 0  , 0  , 0  , 0  , 0  , 0  , 0  , 0  , 0  , 0  , 0 
 CCA   , 0  , 0  , 0  , 0  , 0  , 0  , 0  , 0  , 0  , 0  , 0  , 0  , 0  , 0  , 0  , 0  , 0  , 1  , 0  , 0  , 0  , 0  , 0  , 0  , 0  , 0  , 0  , 0  , 0  , 0  , 0  , 0  , 0  , 0  , 0  , 0  , 0  , 0  , 0  , 0  , 0  , 0  , 0  , 0  , 0  , 0 
 CCC   , 1  , 0  , 0  , 0  , 0  , 0  , 0  , 0  , 0  , 0  , 0  , 0  , 0  , 0  , 0  , 0  , 1  , 0  , 0  , 0  , 0  , 0  , 0  , 0  , 0  , 0  , 0  , 0  , 0  , 0  , 0  , 0  , 0  , 0  , 0  , 0  , 0  , 0  , 0  , 0  , 0  , 0  , 0  , 0  , 0  , 0 
 CCG   , 1  , 0  , 0  , 0  , 0  , 0  , 0  , 0  , 0  , 0  , 0  , 0  , 0  , 0  , 0  , 0  , 1  , 0  , 0  , 1  , 0  , 0  , 0  , 0  , 0  , 0  , 0  , 0  , 0  , 0  , 0  , 0  , 0  , 0  , 0  , 0  , 0  , 0  , 0  , 0  , 0  , 0  , 0  , 0  , 0  , 0 
 CCT   , 0  , 0  , 0  , 0  , 0  , 0  , 0  , 0  , 0  , 0  , 0  , 0  , 0  , 0  , 0  , 0  , 0  , 0  , 0  , 0  , 0  , 1  , 0  , 0  , 0  , 0  , 0  , 0  , 0  , 0  , 0  , 0  , 0  , 0  , 0  , 0  , 0  , 0  , 0  , 0  , 0  , 0  , 0  , 0  , 0  , 0 
 CGC   , 1  , 0  , 0  , 0  , 0  , 0  , 0  , 0  , 0  , 0  , 0  , 0  , 0  , 0  , 0  , 0  , 0  , 0  , 0  , 0  , 1  , 0  , 0  , 0  , 0  , 0  , 0  , 0  , 0  , 0  , 0  , 0  , 0  , 0  , 0  , 0  , 0  , 0  , 0  , 0  , 0  , 0  , 0  , 0  , 0  , 0 
 CGG   , 0  , 0  , 0  , 0  , 0  , 0  , 0  , 0  , 0  , 0  , 0  , 0  , 0  , 0  , 0  , 0  , 0  , 0  , 0  , 1  , 0  , 0  , 0  , 0  , 0  , 0  , 0  , 0  , 0  , 0  , 0  , 0  , 0  , 0  , 0  , 0  , 0  , 0  , 0  , 0  , 0  , 0  , 0  , 0  , 0  , 0 
 CGT   , 0  , 0  , 0  , 0  , 0  , 0  , 0  , 0  , 0  , 0  , 0  , 0  , 0  , 0  , 0  , 0  , 0  , 0  , 0  , 0  , 0  , 0  , 0  , 0  , 0  , 0  , 0  , 0  , 0  , 0  , 0  , 0  , 0  , 0  , 0  , 0  , 0  , 0  , 0  , 0  , 0  , 0  , 0  , 0  , 0  , 0 
 CTC   , 1  , 0  , 0  , 0  , 0  , 0  , 0  , 0  , 0  , 0  , 0  , 0  , 0  , 0  , 0  , 0  , 0  , 0  , 0  , 0  , 0  , 0  , 0  , 0  , 0  , 0  , 0  , 0  , 0  , 0  , 0  , 0  , 0  , 0  , 0  , 0  , 0  , 0  , 0  , 0  , 0  , 0  , 0  , 0  , 0  , 0 
 CTG   , 2  , 0  , 0  , 0  , 0  , 0  , 0  , 0  , 0  , 0  , 0  , 0  , 0  , 0  , 0  , 0  , 0  , 0  , 0  , 0  , 0  , 0  , 0  , 0  , 0  , 0  , 0  , 0  , 0  , 0  , 0  , 0  , 0  , 0  , 0  , 0  , 0  , 0  , 0  , 0  , 0  , 0  , 0  , 0  , 0  , 0 
 GAA   , 1  , 0  , 0  , 0  , 0  , 0  , 0  , 0  , 0  , 0  , 0  , 0  , 0  , 0  , 0  , 0  , 0  , 0  , 0  , 0  , 0  , 0  , 0  , 0  , 1  , 0  , 1  , 0  , 0  , 0  , 0  , 0  , 1  , 0  , 0  , 0  , 0  , 0  , 0  , 0  , 0  , 0  , 0  , 0  , 0  , 0 
 GAC   , 0  , 0  , 0  , 0  , 0  , 0  , 0  , 0  , 0  , 0  , 0  , 0  , 0  , 0  , 0  , 0  , 0  , 0  , 0  , 0  , 0  , 0  , 0  , 0  , 0  , 0  , 0  , 0  , 0  , 0  , 0  , 0  , 0  , 0  , 0  , 0  , 1  , 0  , 0  , 0  , 0  , 0  , 0  , 0  , 0  , 0 
 GAG   , 2  , 0  , 0  , 0  , 0  , 0  , 0  , 0  , 0  , 0  , 0  , 0  , 0  , 0  , 0  , 0  , 0  , 0  , 0  , 0  , 0  , 0  , 0  , 0  , 0  , 0  , 0  , 0  , 0  , 0  , 0  , 0  , 0  , 0  , 0  , 0  , 0  , 0  , 0  , 0  , 0  , 0  , 0  , 0  , 0  , 0 
 GCA   , 0  , 0  , 0  , 0  , 0  , 0  , 0  , 0  , 0  , 0  , 0  , 0  , 0  , 0  , 0  , 0  , 0  , 0  , 0  , 0  , 0  , 0  , 0  , 0  , 0  , 0  , 0  , 0  , 0  , 0  , 0  , 0  , 0  , 0  , 0  , 0  , 0  , 0  , 0  , 0  , 0  , 0  , 0  , 0  , 0  , 0 
 GCC   , 3  , 0  , 0  , 0  , 0  , 0  , 0  , 0  , 0  , 0  , 0  , 0  , 0  , 0  , 0  , 0  , 0  , 0  , 0  , 0  , 0  , 0  , 0  , 0  , 0  , 0  , 0  , 1  , 0  , 0  , 0  , 0  , 1  , 0  , 0  , 0  , 1  , 0  , 0  , 0  , 0  , 0  , 0  , 0  , 0  , 0 
 GCG   , 3  , 0  , 0  , 0  , 0  , 0  , 0  , 0  , 0  , 0  , 0  , 0  , 0  , 0  , 0  , 0  , 0  , 0  , 0  , 0  , 0  , 0  , 0  , 0  , 0  , 0  , 0  , 0  , 0  , 0  , 0  , 0  , 0  , 0  , 0  , 0  , 0  , 0  , 0  , 0  , 0  , 0  , 0  , 0  , 0  , 0 
 GCT   , 3  , 0  , 0  , 0  , 0  , 0  , 0  , 0  , 0  , 0  , 0  , 0  , 0  , 0  , 0  , 0  , 0  , 0  , 0  , 0  , 0  , 0  , 0  , 0  , 0  , 0  , 0  , 0  , 0  , 0  , 0  , 0  , 0  , 0  , 0  , 0  , 0  , 0  , 0  , 0  , 0  , 0  , 0  , 0  , 0  , 0 
 GGA   , 2  , 0  , 0  , 0  , 0  , 0  , 0  , 0  , 0  , 0  , 0  , 0  , 0  , 0  , 0  , 0  , 0  , 0  , 0  , 0  , 0  , 0  , 0  , 0  , 0  , 0  , 0  , 0  , 0  , 0  , 0  , 0  , 0  , 1  , 0  , 0  , 0  , 0  , 0  , 0  , 0  , 0  , 0  , 0  , 0  , 0 
 GGC   , 4  , 0  , 0  , 0  , 0  , 0  , 0  , 0  , 0  , 0  , 0  , 0  , 0  , 0  , 0  , 0  , 0  , 0  , 0  , 0  , 0  , 0  , 0  , 0  , 0  , 0  , 0  , 0  , 1  , 0  , 0  , 0  , 1  , 2  , 1  , 0  , 0  , 0  , 0  , 0  , 0  , 0  , 0  , 0  , 0  , 0 
 GGG   , 1  , 0  , 0  , 0  , 0  , 0  , 0  , 0  , 0  , 0  , 0  , 0  , 0  , 0  , 0  , 0  , 0  , 0  , 0  , 0  , 0  , 0  , 0  , 0  , 0  , 0  , 0  , 0  , 0  , 0  , 0  , 0  , 0  , 0  , 0  , 0  , 0  , 0  , 0  , 0  , 0  , 0  , 0  , 0  , 0  , 0 
 GGT   , 1  , 0  , 0  , 0  , 0  , 0  , 0  , 0  , 0  , 0  , 0  , 0  , 0  , 0  , 0  , 0  , 0  , 0  , 0  , 0  , 0  , 0  , 0  , 0  , 0  , 0  , 0  , 0  , 0  , 0  , 0  , 0  , 0  , 1  , 0  , 0  , 0  , 0  , 0  , 0  , 0  , 0  , 0  , 0  , 0  , 0 
 GTA   , 0  , 0  , 0  , 0  , 0  , 0  , 0  , 0  , 0  , 0  , 0  , 0  , 0  , 0  , 0  , 0  , 0  , 0  , 0  , 0  , 0  , 0  , 0  , 0  , 0  , 0  , 0  , 0  , 0  , 0  , 0  , 0  , 0  , 0  , 0  , 0  , 1  , 0  , 0  , 0  , 0  , 0  , 0  , 0  , 0  , 0 
 GTC   , 1  , 0  , 0  , 0  , 0  , 0  , 0  , 0  , 0  , 0  , 0  , 0  , 0  , 0  , 0  , 0  , 0  , 0  , 0  , 0  , 0  , 0  , 0  , 0  , 0  , 0  , 0  , 0  , 0  , 0  , 0  , 0  , 0  , 0  , 0  , 0  , 1  , 0  , 0  , 0  , 0  , 0  , 0  , 0  , 0  , 0 
 GTG   , 2  , 0  , 0  , 0  , 0  , 0  , 0  , 0  , 0  , 0  , 0  , 0  , 0  , 0  , 0  , 0  , 0  , 0  , 0  , 0  , 0  , 0  , 0  , 0  , 0  , 0  , 0  , 0  , 0  , 0  , 0  , 0  , 0  , 0  , 1  , 0  , 0  , 0  , 0  , 0  , 0  , 0  , 0  , 0  , 0  , 0 
 TAC   , 0  , 0  , 0  , 0  , 0  , 0  , 0  , 0  , 0  , 0  , 0  , 0  , 0  , 0  , 0  , 0  , 0  , 0  , 0  , 0  , 0  , 0  , 0  , 0  , 0  , 0  , 0  , 0  , 0  , 0  , 0  , 0  , 0  , 0  , 0  , 0  , 0  , 0  , 1  , 0  , 0  , 0  , 0  , 0  , 0  , 0 
 TCA   , 0  , 0  , 0  , 0  , 0  , 0  , 0  , 0  , 0  , 0  , 0  , 0  , 0  , 0  , 0  , 0  , 0  , 0  , 0  , 0  , 0  , 0  , 0  , 0  , 0  , 0  , 0  , 0  , 0  , 0  , 0  , 0  , 0  , 0  , 0  , 0  , 0  , 0  , 0  , 0  , 0  , 0  , 0  , 0  , 0  , 0 
 TCG   , 2  , 0  , 0  , 0  , 0  , 0  , 0  , 0  , 0  , 0  , 0  , 0  , 0  , 0  , 0  , 0  , 0  , 0  , 0  , 0  , 0  , 0  , 0  , 0  , 0  , 0  , 0  , 0  , 0  , 0  , 0  , 0  , 0  , 0  , 0  , 0  , 0  , 0  , 0  , 0  , 0  , 0  , 0  , 1  , 0  , 0 
 TGC   , 0  , 0  , 0  , 0  , 0  , 0  , 0  , 0  , 0  , 0  , 0  , 0  , 0  , 0  , 0  , 0  , 0  , 0  , 0  , 0  , 0  , 0  , 0  , 0  , 0  , 0  , 0  , 0  , 0  , 0  , 0  , 0  , 0  , 0  , 0  , 0  , 0  , 0  , 0  , 0  , 0  , 0  , 0  , 0  , 0  , 0 
 TTA   , 1  , 0  , 0  , 0  , 0  , 0  , 0  , 0  , 0  , 0  , 0  , 0  , 0  , 0  , 0  , 0  , 0  , 0  , 0  , 0  , 0  , 0  , 0  , 0  , 0  , 0  , 0  , 0  , 0  , 0  , 0  , 0  , 0  , 0  , 0  , 0  , 0  , 0  , 0  , 0  , 0  , 0  , 0  , 0  , 0  , 0 
 TTC   , 0  , 0  , 0  , 0  , 0  , 0  , 0  , 0  , 0  , 0  , 0  , 0  , 0  , 0  , 0  , 0  , 0  , 0  , 0  , 0  , 0  , 0  , 0  , 0  , 0  , 0  , 0  , 0  , 0  , 0  , 0  , 0  , 0  , 0  , 0  , 0  , 0  , 0  , 0  , 0  , 0  , 0  , 0  , 0  , 0  , 0 
 TTG   , 1  , 0  , 0  , 0  , 0  , 0  , 0  , 0  , 0  , 0  , 0  , 0  , 0  , 0  , 0  , 0  , 0  , 0  , 0  , 0  , 0  , 0  , 0  , 0  , 0  , 0  , 0  , 0  , 0  , 0  , 0  , 0  , 0  , 0  , 0  , 0  , 0  , 0  , 0  , 0  , 0  , 0  , 0  , 0  , 0  , 0 
 TTT   , 2  , 0  , 0  , 0  , 0  , 0  , 0  , 0  , 0  , 0  , 0  , 0  , 0  , 0  , 0  , 0  , 0  , 0  , 0  , 0  , 0  , 0  , 0  , 0  , 0  , 0  , 0  , 0  , 0  , 0  , 0  , 0  , 0  , 0  , 0  , 0  , 0  , 0  , 0  , 0  , 0  , 0  , 0  , 0  , 0  , 0 

# Amino acid change table

aa  , -  , ?  , A  , C  , D  , E  , F  , G  , H  , I  , K  , L  , M  , N  , P  , Q  , R  , S  , T  , V  , Y 
 - , 0 , 16 , 11 , 3 , 2 , 3 , 0 , 17 , 0 , 4 , 1 , 1 , 0 , 4 , 15 , 3 , 1 , 2 , 4 , 6 , 0 
 ? , 0 , 0 , 0 , 0 , 0 , 0 , 0 , 0 , 0 , 0 , 0 , 0 , 0 , 0 , 0 , 0 , 0 , 0 , 0 , 0 , 0 
 A , 9 , 0 , 1 , 0 , 0 , 0 , 0 , 1 , 0 , 0 , 0 , 0 , 0 , 0 , 0 , 0 , 0 , 0 , 0 , 1 , 0 
 C , 0 , 0 , 0 , 0 , 0 , 0 , 0 , 0 , 0 , 0 , 0 , 0 , 0 , 0 , 0 , 0 , 0 , 0 , 0 , 0 , 0 
 D , 0 , 0 , 0 , 0 , 0 , 0 , 0 , 0 , 0 , 0 , 0 , 0 , 0 , 0 , 0 , 0 , 0 , 0 , 0 , 1 , 0 
 E , 3 , 0 , 0 , 0 , 0 , 2 , 0 , 1 , 0 , 0 , 0 , 0 , 0 , 0 , 0 , 0 , 0 , 0 , 0 , 0 , 0 
 F , 2 , 0 , 0 , 0 , 0 , 0 , 0 , 0 , 0 , 0 , 0 , 0 , 0 , 0 , 0 , 0 , 0 , 0 , 0 , 0 , 0 
 G , 8 , 0 , 1 , 0 , 0 , 0 , 0 , 6 , 0 , 0 , 0 , 0 , 0 , 0 , 0 , 0 , 0 , 0 , 0 , 0 , 0 
 H , 1 , 0 , 0 , 0 , 0 , 0 , 0 , 0 , 0 , 0 , 0 , 0 , 0 , 0 , 0 , 0 , 1 , 0 , 0 , 0 , 0 
 I , 1 , 0 , 0 , 0 , 0 , 0 , 0 , 0 , 0 , 3 , 0 , 0 , 0 , 0 , 0 , 0 , 0 , 0 , 1 , 0 , 0 
 K , 1 , 0 , 0 , 0 , 0 , 0 , 0 , 0 , 0 , 0 , 0 , 0 , 0 , 0 , 0 , 0 , 0 , 0 , 0 , 0 , 0 
 L , 5 , 0 , 0 , 0 , 0 , 0 , 0 , 0 , 0 , 0 , 0 , 0 , 0 , 0 , 0 , 0 , 0 , 0 , 0 , 0 , 0 
 M , 1 , 0 , 0 , 0 , 0 , 0 , 0 , 0 , 0 , 0 , 0 , 0 , 0 , 0 , 0 , 0 , 0 , 0 , 0 , 0 , 0 
 N , 2 , 0 , 0 , 0 , 0 , 0 , 0 , 0 , 0 , 1 , 1 , 0 , 0 , 0 , 0 , 0 , 0 , 0 , 0 , 0 , 0 
 P , 2 , 0 , 0 , 0 , 0 , 0 , 0 , 0 , 0 , 0 , 0 , 0 , 0 , 0 , 3 , 0 , 2 , 0 , 0 , 0 , 0 
 Q , 0 , 0 , 0 , 0 , 0 , 0 , 0 , 0 , 0 , 0 , 0 , 0 , 0 , 0 , 0 , 0 , 0 , 1 , 0 , 0 , 0 
 R , 1 , 0 , 0 , 0 , 0 , 0 , 0 , 0 , 0 , 0 , 0 , 0 , 0 , 0 , 0 , 0 , 2 , 0 , 0 , 0 , 0 
 S , 3 , 0 , 0 , 0 , 0 , 0 , 1 , 0 , 0 , 0 , 0 , 0 , 0 , 1 , 0 , 0 , 0 , 0 , 0 , 0 , 0 
 T , 1 , 0 , 1 , 0 , 0 , 0 , 0 , 0 , 0 , 0 , 0 , 0 , 0 , 0 , 0 , 0 , 0 , 0 , 0 , 0 , 0 
 V , 3 , 0 , 0 , 0 , 0 , 0 , 0 , 1 , 0 , 0 , 0 , 0 , 0 , 0 , 0 , 0 , 0 , 0 , 0 , 2 , 0 
 Y , 0 , 0 , 0 , 0 , 0 , 0 , 0 , 0 , 0 , 0 , 0 , 0 , 0 , 0 , 0 , 0 , 0 , 0 , 0 , 0 , 1 

# Chromosome change table

Chromosome, Position,0,100000,200000,300000,400000,500000,600000,700000,800000,900000,1000000,1100000,1200000,1300000,1400000,1500000,1600000,1700000,1800000,1900000,2000000,2100000,2200000,2300000,2400000,2500000,2600000,2700000,2800000,2900000,3000000,3100000,3200000,3300000,3400000,3500000,3600000,3700000,3800000,3900000,4000000,4100000,4200000,4300000,4400000
Chromosome,Count,3,2,1,3,1,2,0,2,2,6,1,2,1,4,0,0,4,2,1,0,1,6,2,1,1,4,1,0,1,0,0,3,1,1,3,2,0,3,4,2,1,2,0,3,1

