
# Summary table 

Name , Value
Genome , Mycobacterium_tuberculosis_h37rv 
Date , 2026-03-18 12:55
SnpEff_version , SnpEff 5.4c (build 2026-02-23 07:25), by Pablo Cingolani
Command_line_arguments , SnpEff  Mycobacterium_tuberculosis_h37rv -stats ../annotation/indels/stats/ERR8774464_indels_snpEff_summary.html -csvStats ../annotation/indels/stats/ERR8774464_indels_snpEff_genes.txt - 
Warnings , 259 
Number_of_lines_in_input_file, 75
Number_of_variants_before_filter, 75
Number_of_not_variants , 0
Number_of_variants_processed , 75
Number_of_known_variants (i.e. non-empty ID) , 0, 0% 
Number_of_effects , 754 
Genome_total_length ,4411532 
Genome_effective_length ,4411532 
Change_rate , 58820 

# Change rate by chromosome

Chromosome , Length , Changes , Change_rate 
Chromosome , 4411532 , 75 , 58820

# Variantss by type

Type , Count , Percent 
DEL , 43 , 57.333333% 
INS , 32 , 42.666667% 

# Effects by impact

Type , Count , Percent 
HIGH , 39 , 5.172414% 
LOW , 1 , 0.132626% 
MODERATE , 19 , 2.519894% 
MODIFIER , 695 , 92.175066% 

# Effects by functional class

Type , Count , Percent 

Missense_Silent_ratio, 0

# Count by effects

Type , Count , Percent 
conservative_inframe_deletion , 2 , 0.264901% 
conservative_inframe_insertion , 6 , 0.794702% 
disruptive_inframe_deletion , 7 , 0.927152% 
disruptive_inframe_insertion , 4 , 0.529801% 
downstream_gene_variant , 298 , 39.470199% 
frameshift_variant , 39 , 5.165563% 
intergenic_region , 20 , 2.649007% 
non_coding_transcript_exon_variant , 3 , 0.397351% 
splice_region_variant , 1 , 0.13245% 
upstream_gene_variant , 375 , 49.668874% 

# Count by genomic region

Type , Count , Percent 
DOWNSTREAM , 298 , 39.522546% 
EXON , 60 , 7.95756% 
INTERGENIC , 20 , 2.65252% 
SPLICE_SITE_REGION , 1 , 0.132626% 
UPSTREAM , 375 , 49.734748% 

# Quality 

Values , 31,37,45,48,53,56,63,66,69,72,74,85,94,97,102,103,107,116,143,144,147,158,159,171,175,178,180,181,199,218,224,225,226,228
Count , 1,1,1,1,2,1,1,1,1,1,1,1,1,1,1,1,1,1,1,1,1,1,1,1,1,1,1,1,1,1,1,5,2,36

# InDel lengths

Values , 0,1,2,4,8,9,17
Count , 18,45,3,1,4,1,3

# Base changes

base  , A  , C  , G  , T 
 A  , 0  , 0  , 0  , 0 
 C  , 0  , 0  , 0  , 0 
 G  , 0  , 0  , 0  , 0 
 T  , 0  , 0  , 0  , 0 

# Ts/Tv summary

Transitions , 0
Transversions , 0
Ts_Tv_ratio , 0

# Ts/Tv : All variants

No results available (empty input?)

# Ts/Tv : Known variants

No results available (empty input?)

# Allele frequency

# Allele frequency : All variants

Values , 50
Count , 75

# Allele Count

Values , 1
Count , 75

# Hom/Het table

Sample_names , ../mapping/bam_dedup/ERR8774464_dedup.bam
Reference , 0
Het , 75
Hom , 0
Missing , 0


# Codon change table
	
codons  , -  , AAA  , AAC  , AAG  , AAT  , ACC  , ACT  , AGC  , ATC  , ATG  , CAA  , CAC  , CAT  , CCA  , CCC  , CCG  , CCT  , CGC  , CGG  , CGT  , CTC  , CTG  , GAA  , GAC  , GAG  , GCA  , GCC  , GCG  , GCT  , GGA  , GGC  , GGG  , GGT  , GTC  , GTG  , GTT  , TCA  , TCC  , TCG  , TGC  , TGG  , TTA  , TTC  , TTT 
 -   , 0  , 0  , 3  , 1  , 1  , 2  , 0  , 4  , 0  , 0  , 0  , 1  , 0  , 0  , 0  , 1  , 0  , 0  , 1  , 0  , 0  , 0  , 1  , 1  , 1  , 0  , 1  , 0  , 0  , 0  , 17  , 0  , 1  , 0  , 0  , 1  , 0  , 0  , 0  , 0  , 0  , 0  , 0  , 0 
 AAA   , 1  , 0  , 0  , 0  , 0  , 0  , 0  , 0  , 0  , 0  , 0  , 0  , 0  , 0  , 0  , 0  , 0  , 0  , 0  , 0  , 0  , 0  , 0  , 0  , 0  , 0  , 0  , 0  , 0  , 0  , 0  , 0  , 0  , 0  , 0  , 0  , 0  , 0  , 0  , 0  , 0  , 0  , 0  , 0 
 AAC   , 5  , 0  , 0  , 0  , 0  , 0  , 0  , 0  , 0  , 0  , 0  , 1  , 0  , 0  , 0  , 0  , 0  , 0  , 0  , 0  , 0  , 0  , 0  , 0  , 0  , 0  , 0  , 0  , 0  , 0  , 0  , 0  , 0  , 0  , 0  , 0  , 0  , 0  , 0  , 0  , 0  , 0  , 0  , 0 
 AAG   , 0  , 0  , 0  , 0  , 0  , 0  , 0  , 0  , 0  , 0  , 0  , 0  , 0  , 0  , 0  , 0  , 0  , 0  , 0  , 0  , 0  , 0  , 0  , 0  , 0  , 0  , 0  , 0  , 0  , 0  , 0  , 0  , 0  , 0  , 0  , 0  , 0  , 0  , 0  , 0  , 0  , 0  , 0  , 0 
 AAT   , 0  , 0  , 0  , 0  , 0  , 0  , 0  , 0  , 1  , 0  , 0  , 0  , 0  , 0  , 0  , 0  , 0  , 0  , 0  , 0  , 0  , 0  , 0  , 0  , 0  , 0  , 0  , 0  , 0  , 0  , 0  , 0  , 0  , 0  , 0  , 0  , 0  , 0  , 0  , 0  , 0  , 0  , 0  , 0 
 ACC   , 1  , 0  , 0  , 0  , 0  , 0  , 0  , 0  , 0  , 0  , 0  , 0  , 0  , 0  , 0  , 0  , 0  , 0  , 0  , 0  , 0  , 0  , 0  , 0  , 0  , 0  , 0  , 0  , 0  , 0  , 0  , 0  , 0  , 0  , 0  , 0  , 0  , 0  , 0  , 0  , 0  , 0  , 0  , 0 
 ACT   , 0  , 0  , 0  , 0  , 0  , 0  , 0  , 0  , 0  , 0  , 0  , 0  , 0  , 0  , 0  , 0  , 0  , 0  , 0  , 0  , 0  , 0  , 0  , 0  , 0  , 1  , 0  , 0  , 0  , 0  , 0  , 0  , 0  , 0  , 0  , 0  , 0  , 0  , 0  , 0  , 0  , 0  , 0  , 0 
 AGC   , 2  , 0  , 1  , 0  , 0  , 0  , 0  , 0  , 0  , 0  , 0  , 0  , 0  , 0  , 0  , 0  , 0  , 0  , 0  , 0  , 0  , 0  , 0  , 0  , 0  , 0  , 0  , 0  , 0  , 0  , 0  , 0  , 0  , 0  , 0  , 0  , 0  , 0  , 0  , 0  , 0  , 0  , 0  , 0 
 ATC   , 1  , 0  , 0  , 0  , 0  , 0  , 0  , 0  , 0  , 0  , 0  , 0  , 0  , 0  , 0  , 0  , 0  , 0  , 0  , 0  , 0  , 0  , 0  , 0  , 0  , 0  , 0  , 0  , 0  , 0  , 0  , 0  , 0  , 0  , 0  , 0  , 0  , 0  , 0  , 0  , 0  , 0  , 0  , 0 
 ATG   , 1  , 0  , 0  , 0  , 0  , 0  , 0  , 0  , 0  , 0  , 0  , 0  , 0  , 0  , 0  , 0  , 0  , 0  , 0  , 0  , 0  , 0  , 0  , 0  , 0  , 0  , 0  , 0  , 0  , 0  , 0  , 0  , 0  , 0  , 0  , 0  , 0  , 0  , 0  , 0  , 0  , 0  , 0  , 0 
 CAA   , 2  , 0  , 0  , 0  , 0  , 0  , 0  , 0  , 0  , 0  , 0  , 0  , 0  , 0  , 0  , 0  , 0  , 0  , 0  , 0  , 0  , 0  , 0  , 0  , 0  , 0  , 0  , 0  , 0  , 0  , 0  , 0  , 0  , 0  , 0  , 0  , 1  , 0  , 0  , 0  , 0  , 0  , 0  , 0 
 CAC   , 0  , 0  , 0  , 0  , 0  , 0  , 0  , 0  , 0  , 0  , 0  , 0  , 0  , 0  , 1  , 0  , 0  , 1  , 0  , 0  , 0  , 0  , 0  , 0  , 0  , 0  , 0  , 0  , 0  , 0  , 0  , 0  , 0  , 0  , 0  , 0  , 0  , 0  , 0  , 0  , 0  , 0  , 0  , 0 
 CAT   , 1  , 0  , 0  , 0  , 0  , 0  , 0  , 0  , 0  , 0  , 0  , 0  , 0  , 0  , 0  , 0  , 0  , 0  , 0  , 0  , 0  , 0  , 0  , 0  , 0  , 0  , 0  , 0  , 0  , 0  , 0  , 0  , 0  , 0  , 0  , 0  , 0  , 0  , 0  , 0  , 0  , 0  , 0  , 0 
 CCA   , 1  , 0  , 0  , 0  , 0  , 0  , 0  , 0  , 0  , 0  , 0  , 0  , 0  , 0  , 0  , 1  , 0  , 0  , 0  , 0  , 0  , 0  , 0  , 0  , 0  , 0  , 0  , 0  , 0  , 0  , 0  , 0  , 0  , 0  , 0  , 0  , 0  , 0  , 0  , 0  , 0  , 0  , 0  , 0 
 CCC   , 0  , 0  , 0  , 0  , 0  , 0  , 0  , 0  , 0  , 0  , 0  , 0  , 0  , 0  , 0  , 0  , 0  , 0  , 0  , 0  , 0  , 0  , 0  , 0  , 0  , 0  , 0  , 0  , 0  , 0  , 0  , 0  , 0  , 0  , 0  , 0  , 0  , 0  , 0  , 0  , 0  , 0  , 0  , 0 
 CCG   , 1  , 0  , 0  , 0  , 0  , 0  , 0  , 0  , 0  , 0  , 0  , 0  , 0  , 0  , 1  , 0  , 0  , 1  , 0  , 0  , 0  , 0  , 0  , 0  , 0  , 0  , 0  , 0  , 0  , 0  , 0  , 0  , 0  , 0  , 0  , 0  , 0  , 0  , 0  , 0  , 0  , 0  , 0  , 0 
 CCT   , 0  , 0  , 0  , 0  , 0  , 0  , 0  , 0  , 0  , 0  , 0  , 0  , 0  , 0  , 0  , 0  , 0  , 0  , 0  , 1  , 0  , 0  , 0  , 0  , 0  , 0  , 0  , 0  , 0  , 0  , 0  , 0  , 0  , 0  , 0  , 0  , 0  , 0  , 0  , 0  , 0  , 0  , 0  , 0 
 CGC   , 1  , 0  , 0  , 0  , 0  , 0  , 0  , 0  , 0  , 0  , 0  , 0  , 0  , 0  , 0  , 0  , 0  , 0  , 0  , 0  , 0  , 0  , 0  , 0  , 0  , 0  , 0  , 0  , 0  , 0  , 0  , 0  , 0  , 0  , 0  , 0  , 0  , 0  , 0  , 0  , 0  , 0  , 0  , 0 
 CGG   , 0  , 0  , 0  , 0  , 0  , 0  , 0  , 0  , 0  , 0  , 0  , 0  , 0  , 0  , 0  , 0  , 0  , 1  , 0  , 0  , 0  , 0  , 0  , 0  , 0  , 0  , 0  , 0  , 0  , 0  , 0  , 0  , 0  , 0  , 0  , 0  , 0  , 0  , 0  , 0  , 0  , 0  , 0  , 0 
 CGT   , 0  , 0  , 0  , 0  , 0  , 0  , 0  , 0  , 0  , 0  , 0  , 0  , 0  , 0  , 0  , 0  , 0  , 0  , 0  , 0  , 0  , 0  , 0  , 0  , 0  , 0  , 0  , 0  , 0  , 0  , 0  , 0  , 0  , 0  , 0  , 0  , 0  , 0  , 0  , 0  , 0  , 0  , 0  , 0 
 CTC   , 1  , 0  , 0  , 0  , 0  , 0  , 0  , 0  , 0  , 0  , 0  , 0  , 0  , 0  , 0  , 0  , 0  , 0  , 0  , 0  , 0  , 0  , 0  , 0  , 0  , 0  , 0  , 0  , 0  , 0  , 0  , 0  , 0  , 0  , 0  , 0  , 0  , 0  , 0  , 0  , 0  , 0  , 0  , 0 
 CTG   , 2  , 0  , 0  , 0  , 0  , 0  , 0  , 0  , 0  , 0  , 0  , 0  , 0  , 0  , 0  , 0  , 0  , 0  , 0  , 0  , 0  , 0  , 0  , 0  , 0  , 0  , 0  , 0  , 0  , 0  , 0  , 0  , 0  , 0  , 0  , 0  , 0  , 0  , 0  , 0  , 0  , 0  , 0  , 0 
 GAA   , 1  , 0  , 0  , 0  , 0  , 0  , 0  , 0  , 0  , 0  , 0  , 0  , 0  , 0  , 0  , 0  , 0  , 0  , 0  , 0  , 0  , 0  , 1  , 0  , 0  , 0  , 0  , 0  , 0  , 0  , 1  , 0  , 0  , 0  , 0  , 0  , 0  , 0  , 0  , 0  , 0  , 0  , 0  , 0 
 GAC   , 1  , 0  , 0  , 0  , 0  , 0  , 0  , 0  , 0  , 0  , 0  , 0  , 0  , 0  , 0  , 0  , 0  , 0  , 0  , 0  , 0  , 0  , 0  , 0  , 0  , 0  , 0  , 0  , 0  , 0  , 0  , 0  , 0  , 1  , 0  , 0  , 0  , 0  , 0  , 0  , 0  , 0  , 0  , 0 
 GAG   , 2  , 0  , 0  , 0  , 0  , 0  , 0  , 0  , 0  , 0  , 0  , 0  , 0  , 0  , 0  , 0  , 0  , 0  , 0  , 0  , 0  , 0  , 0  , 0  , 0  , 0  , 0  , 0  , 0  , 0  , 0  , 0  , 0  , 0  , 0  , 0  , 0  , 0  , 1  , 0  , 0  , 0  , 0  , 0 
 GCA   , 0  , 0  , 0  , 0  , 0  , 0  , 0  , 0  , 0  , 0  , 0  , 0  , 0  , 0  , 0  , 0  , 0  , 0  , 0  , 0  , 0  , 0  , 0  , 0  , 0  , 0  , 0  , 0  , 0  , 0  , 0  , 0  , 0  , 0  , 0  , 0  , 0  , 0  , 0  , 0  , 0  , 0  , 0  , 0 
 GCC   , 5  , 0  , 0  , 0  , 0  , 0  , 0  , 0  , 0  , 0  , 0  , 0  , 0  , 0  , 0  , 0  , 0  , 0  , 0  , 0  , 0  , 0  , 0  , 0  , 0  , 0  , 0  , 0  , 0  , 0  , 0  , 0  , 0  , 0  , 0  , 0  , 0  , 0  , 0  , 0  , 0  , 0  , 0  , 0 
 GCG   , 3  , 0  , 0  , 0  , 0  , 0  , 0  , 0  , 0  , 0  , 0  , 0  , 0  , 0  , 0  , 0  , 0  , 0  , 0  , 0  , 0  , 0  , 0  , 0  , 0  , 0  , 0  , 0  , 0  , 0  , 0  , 0  , 0  , 0  , 0  , 0  , 0  , 0  , 0  , 0  , 0  , 0  , 0  , 0 
 GCT   , 3  , 0  , 0  , 0  , 0  , 0  , 0  , 0  , 0  , 0  , 0  , 0  , 0  , 0  , 0  , 0  , 0  , 0  , 0  , 0  , 0  , 0  , 0  , 0  , 0  , 0  , 0  , 0  , 0  , 0  , 0  , 0  , 0  , 0  , 0  , 0  , 0  , 0  , 0  , 0  , 0  , 0  , 0  , 0 
 GGA   , 4  , 0  , 0  , 0  , 0  , 0  , 0  , 0  , 0  , 0  , 0  , 0  , 0  , 0  , 0  , 0  , 0  , 0  , 0  , 0  , 0  , 0  , 0  , 0  , 0  , 0  , 0  , 0  , 0  , 0  , 0  , 1  , 0  , 0  , 0  , 0  , 0  , 0  , 0  , 0  , 0  , 0  , 0  , 0 
 GGC   , 8  , 0  , 0  , 0  , 0  , 0  , 0  , 0  , 0  , 0  , 0  , 0  , 0  , 0  , 0  , 0  , 0  , 0  , 0  , 0  , 0  , 0  , 0  , 0  , 0  , 0  , 1  , 0  , 0  , 0  , 1  , 3  , 1  , 0  , 0  , 0  , 0  , 0  , 0  , 0  , 0  , 0  , 0  , 0 
 GGG   , 3  , 0  , 0  , 0  , 0  , 0  , 0  , 0  , 0  , 0  , 0  , 0  , 0  , 0  , 0  , 0  , 0  , 0  , 0  , 0  , 0  , 0  , 0  , 0  , 0  , 0  , 0  , 0  , 0  , 1  , 0  , 0  , 0  , 0  , 0  , 0  , 0  , 0  , 0  , 0  , 0  , 0  , 0  , 0 
 GGT   , 2  , 0  , 0  , 0  , 0  , 0  , 0  , 0  , 0  , 0  , 0  , 0  , 0  , 0  , 0  , 0  , 0  , 0  , 0  , 0  , 0  , 0  , 0  , 0  , 0  , 0  , 0  , 0  , 0  , 0  , 1  , 1  , 0  , 0  , 0  , 0  , 0  , 0  , 0  , 0  , 0  , 0  , 0  , 0 
 GTC   , 1  , 0  , 0  , 0  , 0  , 0  , 0  , 0  , 0  , 0  , 0  , 0  , 0  , 0  , 0  , 0  , 0  , 0  , 0  , 0  , 0  , 0  , 0  , 0  , 0  , 0  , 0  , 0  , 0  , 0  , 0  , 0  , 0  , 0  , 0  , 0  , 0  , 0  , 0  , 0  , 0  , 0  , 0  , 0 
 GTG   , 0  , 0  , 0  , 0  , 0  , 0  , 0  , 0  , 0  , 0  , 0  , 0  , 0  , 0  , 0  , 0  , 0  , 0  , 0  , 0  , 0  , 0  , 0  , 0  , 0  , 0  , 0  , 0  , 0  , 0  , 0  , 0  , 1  , 0  , 0  , 0  , 0  , 0  , 0  , 0  , 0  , 0  , 0  , 0 
 GTT   , 0  , 0  , 0  , 0  , 0  , 0  , 0  , 0  , 0  , 0  , 0  , 0  , 0  , 0  , 0  , 0  , 0  , 0  , 0  , 0  , 0  , 0  , 0  , 0  , 0  , 0  , 0  , 0  , 0  , 0  , 1  , 0  , 0  , 0  , 0  , 0  , 0  , 0  , 0  , 0  , 0  , 0  , 0  , 0 
 TCA   , 0  , 0  , 0  , 0  , 0  , 0  , 0  , 0  , 0  , 0  , 0  , 0  , 0  , 0  , 0  , 0  , 0  , 0  , 0  , 0  , 0  , 0  , 0  , 0  , 0  , 0  , 0  , 0  , 0  , 0  , 0  , 0  , 0  , 0  , 0  , 0  , 0  , 0  , 0  , 0  , 0  , 0  , 0  , 0 
 TCC   , 1  , 0  , 0  , 0  , 0  , 0  , 0  , 0  , 0  , 0  , 0  , 0  , 0  , 0  , 0  , 0  , 0  , 0  , 0  , 0  , 0  , 0  , 0  , 0  , 0  , 0  , 0  , 0  , 0  , 0  , 0  , 0  , 0  , 0  , 0  , 0  , 0  , 0  , 0  , 0  , 0  , 0  , 0  , 0 
 TCG   , 1  , 0  , 0  , 0  , 0  , 0  , 0  , 0  , 0  , 0  , 0  , 0  , 0  , 0  , 0  , 0  , 0  , 0  , 0  , 0  , 0  , 0  , 0  , 0  , 0  , 0  , 0  , 0  , 0  , 0  , 0  , 0  , 0  , 0  , 0  , 0  , 0  , 0  , 0  , 0  , 0  , 0  , 1  , 0 
 TGC   , 0  , 0  , 0  , 0  , 0  , 0  , 0  , 0  , 0  , 0  , 0  , 0  , 0  , 0  , 0  , 0  , 0  , 0  , 0  , 0  , 0  , 0  , 0  , 0  , 0  , 0  , 0  , 0  , 0  , 0  , 0  , 0  , 0  , 0  , 0  , 0  , 0  , 0  , 0  , 0  , 0  , 0  , 0  , 0 
 TGG   , 1  , 0  , 0  , 0  , 0  , 0  , 0  , 0  , 0  , 0  , 0  , 0  , 0  , 0  , 0  , 0  , 0  , 0  , 0  , 0  , 0  , 0  , 0  , 0  , 0  , 0  , 0  , 0  , 0  , 0  , 0  , 0  , 0  , 0  , 0  , 0  , 0  , 0  , 0  , 1  , 0  , 0  , 0  , 0 
 TTA   , 1  , 0  , 0  , 0  , 0  , 0  , 0  , 0  , 0  , 0  , 0  , 0  , 0  , 0  , 0  , 0  , 0  , 0  , 0  , 0  , 0  , 0  , 0  , 0  , 0  , 0  , 0  , 0  , 0  , 0  , 0  , 0  , 0  , 0  , 0  , 0  , 0  , 0  , 0  , 0  , 0  , 0  , 0  , 0 
 TTC   , 4  , 0  , 0  , 0  , 0  , 0  , 0  , 0  , 0  , 0  , 0  , 0  , 0  , 0  , 0  , 0  , 0  , 0  , 0  , 0  , 0  , 0  , 0  , 0  , 0  , 0  , 0  , 0  , 0  , 0  , 0  , 0  , 0  , 0  , 0  , 0  , 0  , 0  , 0  , 0  , 0  , 0  , 0  , 0 
 TTT   , 2  , 0  , 0  , 0  , 0  , 0  , 0  , 0  , 0  , 0  , 0  , 0  , 0  , 0  , 0  , 0  , 0  , 0  , 0  , 0  , 0  , 0  , 0  , 0  , 0  , 0  , 0  , 0  , 0  , 0  , 0  , 0  , 0  , 0  , 0  , 0  , 0  , 0  , 0  , 0  , 0  , 0  , 0  , 0 

# Amino acid change table

aa  , -  , ?  , A  , C  , D  , E  , F  , G  , H  , I  , K  , L  , M  , N  , P  , Q  , R  , S  , T  , V  , W 
 - , 0 , 13 , 1 , 0 , 1 , 2 , 0 , 18 , 1 , 0 , 1 , 0 , 0 , 4 , 1 , 0 , 1 , 4 , 2 , 1 , 0 
 ? , 0 , 0 , 0 , 0 , 0 , 0 , 0 , 0 , 0 , 0 , 0 , 0 , 0 , 0 , 0 , 0 , 0 , 0 , 0 , 0 , 0 
 A , 11 , 0 , 0 , 0 , 0 , 0 , 0 , 0 , 0 , 0 , 0 , 0 , 0 , 0 , 0 , 0 , 0 , 0 , 0 , 0 , 0 
 C , 0 , 0 , 0 , 0 , 0 , 0 , 0 , 0 , 0 , 0 , 0 , 0 , 0 , 0 , 0 , 0 , 0 , 0 , 0 , 0 , 0 
 D , 1 , 0 , 0 , 0 , 0 , 0 , 0 , 0 , 0 , 0 , 0 , 0 , 0 , 0 , 0 , 0 , 0 , 0 , 0 , 1 , 0 
 E , 3 , 0 , 0 , 0 , 0 , 1 , 0 , 1 , 0 , 0 , 0 , 0 , 0 , 0 , 0 , 0 , 0 , 1 , 0 , 0 , 0 
 F , 6 , 0 , 0 , 0 , 0 , 0 , 0 , 0 , 0 , 0 , 0 , 0 , 0 , 0 , 0 , 0 , 0 , 0 , 0 , 0 , 0 
 G , 17 , 0 , 1 , 0 , 0 , 0 , 0 , 9 , 0 , 0 , 0 , 0 , 0 , 0 , 0 , 0 , 0 , 0 , 0 , 0 , 0 
 H , 1 , 0 , 0 , 0 , 0 , 0 , 0 , 0 , 0 , 0 , 0 , 0 , 0 , 0 , 1 , 0 , 1 , 0 , 0 , 0 , 0 
 I , 1 , 0 , 0 , 0 , 0 , 0 , 0 , 0 , 0 , 0 , 0 , 0 , 0 , 0 , 0 , 0 , 0 , 0 , 0 , 0 , 0 
 K , 1 , 0 , 0 , 0 , 0 , 0 , 0 , 0 , 0 , 0 , 0 , 0 , 0 , 0 , 0 , 0 , 0 , 0 , 0 , 0 , 0 
 L , 4 , 0 , 0 , 0 , 0 , 0 , 0 , 0 , 0 , 0 , 0 , 0 , 0 , 0 , 0 , 0 , 0 , 0 , 0 , 0 , 0 
 M , 1 , 0 , 0 , 0 , 0 , 0 , 0 , 0 , 0 , 0 , 0 , 0 , 0 , 0 , 0 , 0 , 0 , 0 , 0 , 0 , 0 
 N , 5 , 0 , 0 , 0 , 0 , 0 , 0 , 0 , 1 , 1 , 0 , 0 , 0 , 0 , 0 , 0 , 0 , 0 , 0 , 0 , 0 
 P , 2 , 0 , 0 , 0 , 0 , 0 , 0 , 0 , 0 , 0 , 0 , 0 , 0 , 0 , 2 , 0 , 2 , 0 , 0 , 0 , 0 
 Q , 2 , 0 , 0 , 0 , 0 , 0 , 0 , 0 , 0 , 0 , 0 , 0 , 0 , 0 , 0 , 0 , 0 , 1 , 0 , 0 , 0 
 R , 1 , 0 , 0 , 0 , 0 , 0 , 0 , 0 , 0 , 0 , 0 , 0 , 0 , 0 , 0 , 0 , 1 , 0 , 0 , 0 , 0 
 S , 4 , 0 , 0 , 0 , 0 , 0 , 1 , 0 , 0 , 0 , 0 , 0 , 0 , 1 , 0 , 0 , 0 , 0 , 0 , 0 , 0 
 T , 1 , 0 , 1 , 0 , 0 , 0 , 0 , 0 , 0 , 0 , 0 , 0 , 0 , 0 , 0 , 0 , 0 , 0 , 0 , 0 , 0 
 V , 1 , 0 , 0 , 0 , 0 , 0 , 0 , 2 , 0 , 0 , 0 , 0 , 0 , 0 , 0 , 0 , 0 , 0 , 0 , 0 , 0 
 W , 1 , 0 , 0 , 1 , 0 , 0 , 0 , 0 , 0 , 0 , 0 , 0 , 0 , 0 , 0 , 0 , 0 , 0 , 0 , 0 , 0 

# Chromosome change table

Chromosome, Position,0,100000,200000,300000,400000,500000,600000,700000,800000,900000,1000000,1100000,1200000,1300000,1400000,1500000,1600000,1700000,1800000,1900000,2000000,2100000,2200000,2300000,2400000,2500000,2600000,2700000,2800000,2900000,3000000,3100000,3200000,3300000,3400000,3500000,3600000,3700000,3800000,3900000,4000000,4100000,4200000,4300000,4400000
Chromosome,Count,4,2,1,3,1,1,0,1,2,3,1,3,2,2,0,0,0,2,1,0,1,3,2,2,0,4,1,0,3,0,0,2,0,1,3,3,0,4,3,7,1,2,0,3,1

